ts,equity
2022-01-01 00:00:00,100000.0
2022-01-01 08:00:00,100000.0
2022-01-01 16:00:00,100000.0
2022-01-02 00:00:00,100000.0
2022-01-02 08:00:00,100000.0
2022-01-02 16:00:00,100000.0
2022-01-03 00:00:00,100000.0
2022-01-03 08:00:00,100000.0
2022-01-03 16:00:00,100000.0
2022-01-04 00:00:00,100000.0
2022-01-04 08:00:00,100000.0
2022-01-04 16:00:00,100000.0
2022-01-05 00:00:00,100000.0
2022-01-05 08:00:00,100000.0
2022-01-05 16:00:00,100000.0
2022-01-06 00:00:00,100000.0
2022-01-06 08:00:00,100000.0
2022-01-06 16:00:00,100000.0
2022-01-07 00:00:00,100000.0
2022-01-07 08:00:00,100000.0
2022-01-07 16:00:00,100000.0
2022-01-08 00:00:00,100000.0
2022-01-08 08:00:00,100000.0
2022-01-08 16:00:00,100000.0
2022-01-09 00:00:00,100000.0
2022-01-09 08:00:00,100000.0
2022-01-09 16:00:00,100000.0
2022-01-10 00:00:00,100000.0
2022-01-10 08:00:00,100000.0
2022-01-10 16:00:00,100000.0
2022-01-11 00:00:00,100000.0
2022-01-11 08:00:00,100000.0
2022-01-11 16:00:00,100000.0
2022-01-12 00:00:00,100000.0
2022-01-12 08:00:00,100000.0
2022-01-12 16:00:00,100000.0
2022-01-13 00:00:00,100000.0
2022-01-13 08:00:00,100000.0
2022-01-13 16:00:00,100000.0
2022-01-14 00:00:00,100000.0
2022-01-14 08:00:00,100000.0
2022-01-14 16:00:00,100000.0
2022-01-15 00:00:00,100000.0
2022-01-15 08:00:00,100000.0
2022-01-15 16:00:00,100000.0
2022-01-16 00:00:00,100000.0
2022-01-16 08:00:00,100000.0
2022-01-16 16:00:00,100000.0
2022-01-17 00:00:00,100000.0
2022-01-17 08:00:00,100000.0
2022-01-17 16:00:00,100000.0
2022-01-18 00:00:00,100000.0
2022-01-18 08:00:00,100000.0
2022-01-18 16:00:00,100000.0
2022-01-19 00:00:00,100000.0
2022-01-19 08:00:00,100000.0
2022-01-19 16:00:00,100000.0
2022-01-20 00:00:00,100000.0
2022-01-20 08:00:00,100000.0
2022-01-20 16:00:00,100000.0
2022-01-21 00:00:00,100000.0
2022-01-21 08:00:00,100000.0
2022-01-21 16:00:00,100000.0
2022-01-22 00:00:00,100000.0
2022-01-22 08:00:00,100000.0
2022-01-22 16:00:00,100000.0
2022-01-23 00:00:00,100000.0
2022-01-23 08:00:00,100000.0
2022-01-23 16:00:00,100000.0
2022-01-24 00:00:00,100000.0
2022-01-24 08:00:00,100000.0
2022-01-24 16:00:00,100000.0
2022-01-25 00:00:00,100000.0
2022-01-25 08:00:00,100000.0
2022-01-25 16:00:00,100000.0
2022-01-26 00:00:00,100000.0
2022-01-26 08:00:00,100000.0
2022-01-26 16:00:00,100000.0
2022-01-27 00:00:00,100000.0
2022-01-27 08:00:00,100000.0
2022-01-27 16:00:00,100000.0
2022-01-28 00:00:00,100000.0
2022-01-28 08:00:00,100000.0
2022-01-28 16:00:00,100000.0
2022-01-29 00:00:00,100000.0
2022-01-29 08:00:00,100000.0
2022-01-29 16:00:00,100000.0
2022-01-30 00:00:00,100000.0
2022-01-30 08:00:00,100000.0
2022-01-30 16:00:00,100000.0
2022-01-31 00:00:00,100000.0
2022-01-31 08:00:00,100000.0
2022-01-31 16:00:00,100000.0
2022-02-01 00:00:00,100000.0
2022-02-01 08:00:00,100000.0
2022-02-01 16:00:00,100000.0
2022-02-02 00:00:00,100000.0
2022-02-02 08:00:00,100000.0
2022-02-02 16:00:00,100000.0
2022-02-03 00:00:00,100000.0
2022-02-03 08:00:00,100000.0
2022-02-03 16:00:00,100000.0
2022-02-04 00:00:00,100000.0
2022-02-04 08:00:00,100000.0
2022-02-04 16:00:00,100000.0
2022-02-05 00:00:00,100000.0
2022-02-05 08:00:00,100000.0
2022-02-05 16:00:00,100000.0
2022-02-06 00:00:00,100000.0
2022-02-06 08:00:00,100000.0
2022-02-06 16:00:00,100000.0
2022-02-07 00:00:00,100000.0
2022-02-07 08:00:00,100000.0
2022-02-07 16:00:00,100000.0
2022-02-08 00:00:00,100000.0
2022-02-08 08:00:00,100000.0
2022-02-08 16:00:00,100000.0
2022-02-09 00:00:00,100000.0
2022-02-09 08:00:00,100000.0
2022-02-09 16:00:00,100000.0
2022-02-10 00:00:00,100000.0
2022-02-10 08:00:00,100000.0
2022-02-10 16:00:00,100000.0
2022-02-11 00:00:00,100000.0
2022-02-11 08:00:00,100000.0
2022-02-11 16:00:00,100000.0
2022-02-12 00:00:00,100000.0
2022-02-12 08:00:00,100000.0
2022-02-12 16:00:00,100000.0
2022-02-13 00:00:00,100000.0
2022-02-13 08:00:00,100000.0
2022-02-13 16:00:00,100000.0
2022-02-14 00:00:00,100000.0
2022-02-14 08:00:00,100000.0
2022-02-14 16:00:00,100000.0
2022-02-15 00:00:00,100000.0
2022-02-15 08:00:00,100000.0
2022-02-15 16:00:00,100000.0
2022-02-16 00:00:00,100000.0
2022-02-16 08:00:00,100000.0
2022-02-16 16:00:00,100000.0
2022-02-17 00:00:00,100000.0
2022-02-17 08:00:00,100000.0
2022-02-17 16:00:00,100000.0
2022-02-18 00:00:00,100000.0
2022-02-18 08:00:00,100000.0
2022-02-18 16:00:00,100000.0
2022-02-19 00:00:00,100000.0
2022-02-19 08:00:00,100000.0
2022-02-19 16:00:00,100000.0
2022-02-20 00:00:00,100000.0
2022-02-20 08:00:00,100000.0
2022-02-20 16:00:00,100000.0
2022-02-21 00:00:00,100000.0
2022-02-21 08:00:00,100000.0
2022-02-21 16:00:00,100000.0
2022-02-22 00:00:00,100000.0
2022-02-22 08:00:00,100000.0
2022-02-22 16:00:00,100000.0
2022-02-23 00:00:00,100000.0
2022-02-23 08:00:00,100000.0
2022-02-23 16:00:00,100000.0
2022-02-24 00:00:00,100000.0
2022-02-24 08:00:00,100000.0
2022-02-24 16:00:00,100000.0
2022-02-25 00:00:00,100000.0
2022-02-25 08:00:00,100000.0
2022-02-25 16:00:00,100000.0
2022-02-26 00:00:00,100000.0
2022-02-26 08:00:00,100000.0
2022-02-26 16:00:00,100000.0
2022-02-27 00:00:00,100000.0
2022-02-27 08:00:00,100000.0
2022-02-27 16:00:00,99965.91637695201
2022-02-28 00:00:00,99969.3689591655
2022-02-28 08:00:00,100003.55664189042
2022-02-28 16:00:00,100022.36891772039
2022-03-01 00:00:00,100022.61896507941
2022-03-01 08:00:00,100027.35038457482
2022-03-01 16:00:00,100031.82909460408
2022-03-02 00:00:00,100030.62223528296
2022-03-02 08:00:00,100027.8690957996
2022-03-02 16:00:00,100027.08638125632
2022-03-03 00:00:00,100020.27870093113
2022-03-03 08:00:00,100006.5538001838
2022-03-03 16:00:00,100047.42834991441
2022-03-04 00:00:00,100047.42834991441
2022-03-04 08:00:00,100047.42834991441
2022-03-04 16:00:00,100047.42834991441
2022-03-05 00:00:00,100047.42834991441
2022-03-05 08:00:00,100047.42834991441
2022-03-05 16:00:00,100047.42834991441
2022-03-06 00:00:00,100047.42834991441
2022-03-06 08:00:00,100047.42834991441
2022-03-06 16:00:00,100047.42834991441
2022-03-07 00:00:00,100047.42834991441
2022-03-07 08:00:00,100047.42834991441
2022-03-07 16:00:00,100047.42834991441
2022-03-08 00:00:00,100047.42834991441
2022-03-08 08:00:00,100047.42834991441
2022-03-08 16:00:00,100047.42834991441
2022-03-09 00:00:00,100047.42834991441
2022-03-09 08:00:00,100047.42834991441
2022-03-09 16:00:00,100047.42834991441
2022-03-10 00:00:00,100022.62722077555
2022-03-10 08:00:00,100023.53820178915
2022-03-10 16:00:00,100025.3722800421
2022-03-11 00:00:00,100025.86176492626
2022-03-11 08:00:00,100020.38486775255
2022-03-11 16:00:00,100015.82091397248
2022-03-12 00:00:00,100022.05064948124
2022-03-12 08:00:00,100021.1925655527
2022-03-12 16:00:00,100018.1628405438
2022-03-13 00:00:00,100020.65974986056
2022-03-13 08:00:00,100020.23919532442
2022-03-13 16:00:00,100007.78268391351
2022-03-14 00:00:00,100006.12512979013
2022-03-14 08:00:00,100006.12512979013
2022-03-14 16:00:00,100006.12512979013
2022-03-15 00:00:00,100006.12512979013
2022-03-15 08:00:00,99998.07767886306
2022-03-15 16:00:00,99989.17448621885
2022-03-16 00:00:00,99983.88905652241
2022-03-16 08:00:00,99957.72453835057
2022-03-16 16:00:00,99957.72453835057
2022-03-17 00:00:00,99957.72453835057
2022-03-17 08:00:00,99957.72453835057
2022-03-17 16:00:00,99957.72453835057
2022-03-18 00:00:00,99957.72453835057
2022-03-18 08:00:00,99957.72453835057
2022-03-18 16:00:00,99957.72453835057
2022-03-19 00:00:00,99957.72453835057
2022-03-19 08:00:00,99957.72453835057
2022-03-19 16:00:00,99957.72453835057
2022-03-20 00:00:00,99957.72453835057
2022-03-20 08:00:00,99957.72453835057
2022-03-20 16:00:00,99957.72453835057
2022-03-21 00:00:00,99957.72453835057
2022-03-21 08:00:00,99957.72453835057
2022-03-21 16:00:00,99957.72453835057
2022-03-22 00:00:00,99957.72453835057
2022-03-22 08:00:00,99957.72453835057
2022-03-22 16:00:00,99957.72453835057
2022-03-23 00:00:00,99957.72453835057
2022-03-23 08:00:00,99957.72453835057
2022-03-23 16:00:00,99957.72453835057
2022-03-24 00:00:00,99957.72453835057
2022-03-24 08:00:00,99957.72453835057
2022-03-24 16:00:00,99957.72453835057
2022-03-25 00:00:00,99957.72453835057
2022-03-25 08:00:00,99957.72453835057
2022-03-25 16:00:00,99957.72453835057
2022-03-26 00:00:00,99957.72453835057
2022-03-26 08:00:00,99957.72453835057
2022-03-26 16:00:00,99957.72453835057
2022-03-27 00:00:00,99957.72453835057
2022-03-27 08:00:00,99957.72453835057
2022-03-27 16:00:00,99957.72453835057
2022-03-28 00:00:00,99957.72453835057
2022-03-28 08:00:00,99957.72453835057
2022-03-28 16:00:00,99957.72453835057
2022-03-29 00:00:00,99957.72453835057
2022-03-29 08:00:00,99957.72453835057
2022-03-29 16:00:00,99957.72453835057
2022-03-30 00:00:00,99957.72453835057
2022-03-30 08:00:00,99957.72453835057
2022-03-30 16:00:00,99957.72453835057
2022-03-31 00:00:00,99957.72453835057
2022-03-31 08:00:00,99957.72453835057
2022-03-31 16:00:00,99957.72453835057
2022-04-01 00:00:00,99957.72453835057
2022-04-01 08:00:00,99957.72453835057
2022-04-01 16:00:00,99957.72453835057
2022-04-02 00:00:00,99957.72453835057
2022-04-02 08:00:00,99957.72453835057
2022-04-02 16:00:00,99957.72453835057
2022-04-03 00:00:00,99957.72453835057
2022-04-03 08:00:00,99957.72453835057
2022-04-03 16:00:00,99957.72453835057
2022-04-04 00:00:00,99957.72453835057
2022-04-04 08:00:00,99957.72453835057
2022-04-04 16:00:00,99957.72453835057
2022-04-05 00:00:00,99957.72453835057
2022-04-05 08:00:00,99957.72453835057
2022-04-05 16:00:00,99957.72453835057
2022-04-06 00:00:00,99957.72453835057
2022-04-06 08:00:00,99957.72453835057
2022-04-06 16:00:00,99957.72453835057
2022-04-07 00:00:00,99957.72453835057
2022-04-07 08:00:00,99957.72453835057
2022-04-07 16:00:00,99957.72453835057
2022-04-08 00:00:00,99957.72453835057
2022-04-08 08:00:00,99957.72453835057
2022-04-08 16:00:00,99957.72453835057
2022-04-09 00:00:00,99957.72453835057
2022-04-09 08:00:00,99957.72453835057
2022-04-09 16:00:00,99957.72453835057
2022-04-10 00:00:00,99957.72453835057
2022-04-10 08:00:00,99957.72453835057
2022-04-10 16:00:00,99957.72453835057
2022-04-11 00:00:00,99957.72453835057
2022-04-11 08:00:00,99957.72453835057
2022-04-11 16:00:00,99957.72453835057
2022-04-12 00:00:00,99957.72453835057
2022-04-12 08:00:00,99957.72453835057
2022-04-12 16:00:00,99957.72453835057
2022-04-13 00:00:00,99957.72453835057
2022-04-13 08:00:00,99957.72453835057
2022-04-13 16:00:00,99957.72453835057
2022-04-14 00:00:00,99957.72453835057
2022-04-14 08:00:00,99957.72453835057
2022-04-14 16:00:00,99957.72453835057
2022-04-15 00:00:00,99957.72453835057
2022-04-15 08:00:00,99957.72453835057
2022-04-15 16:00:00,99957.72453835057
2022-04-16 00:00:00,99957.72453835057
2022-04-16 08:00:00,99957.72453835057
2022-04-16 16:00:00,99950.73602901681
2022-04-17 00:00:00,99954.29543737117
2022-04-17 08:00:00,99948.46023530468
2022-04-17 16:00:00,99962.39176849836
2022-04-18 00:00:00,99989.05618822768
2022-04-18 08:00:00,99989.05618822768
2022-04-18 16:00:00,99964.7347671698
2022-04-19 00:00:00,99967.43517208472
2022-04-19 08:00:00,99955.58725777899
2022-04-19 16:00:00,99957.04985625729
2022-04-20 00:00:00,99959.05033843183
2022-04-20 08:00:00,99962.49451217349
2022-04-20 16:00:00,99961.30802532913
2022-04-21 00:00:00,99957.24812659524
2022-04-21 08:00:00,99956.40788680225
2022-04-21 16:00:00,99976.19186168963
2022-04-22 00:00:00,99969.91759115174
2022-04-22 08:00:00,99981.5315646105
2022-04-22 16:00:00,99996.25945751769
2022-04-23 00:00:00,99996.25945751769
2022-04-23 08:00:00,99996.25945751769
2022-04-23 16:00:00,99996.25945751769
2022-04-24 00:00:00,99996.25945751769
2022-04-24 08:00:00,99996.25945751769
2022-04-24 16:00:00,99996.25945751769
2022-04-25 00:00:00,99996.25945751769
2022-04-25 08:00:00,99996.25945751769
2022-04-25 16:00:00,99972.00164242368
2022-04-26 00:00:00,99972.64348840792
2022-04-26 08:00:00,99996.6189412555
2022-04-26 16:00:00,100005.42997894653
2022-04-27 00:00:00,99991.2672799597
2022-04-27 08:00:00,99995.30861142687
2022-04-27 16:00:00,99991.2062505342
2022-04-28 00:00:00,99989.11644169937
2022-04-28 08:00:00,99991.07509236425
2022-04-28 16:00:00,99982.92044747593
2022-04-29 00:00:00,99984.69333319446
2022-04-29 08:00:00,99996.68645097851
2022-04-29 16:00:00,100027.8108055875
2022-04-30 00:00:00,100027.8108055875
2022-04-30 08:00:00,100027.8108055875
2022-04-30 16:00:00,100027.8108055875
2022-05-01 00:00:00,100027.8108055875
2022-05-01 08:00:00,100027.8108055875
2022-05-01 16:00:00,100027.8108055875
2022-05-02 00:00:00,100027.8108055875
2022-05-02 08:00:00,100027.8108055875
2022-05-02 16:00:00,100027.8108055875
2022-05-03 00:00:00,100027.8108055875
2022-05-03 08:00:00,100027.8108055875
2022-05-03 16:00:00,100027.8108055875
2022-05-04 00:00:00,100027.8108055875
2022-05-04 08:00:00,100027.8108055875
2022-05-04 16:00:00,100027.8108055875
2022-05-05 00:00:00,100027.8108055875
2022-05-05 08:00:00,100027.8108055875
2022-05-05 16:00:00,100027.8108055875
2022-05-06 00:00:00,100027.8108055875
2022-05-06 08:00:00,100027.8108055875
2022-05-06 16:00:00,100027.8108055875
2022-05-07 00:00:00,100027.8108055875
2022-05-07 08:00:00,100027.8108055875
2022-05-07 16:00:00,100027.8108055875
2022-05-08 00:00:00,100027.8108055875
2022-05-08 08:00:00,100027.8108055875
2022-05-08 16:00:00,100027.8108055875
2022-05-09 00:00:00,100027.8108055875
2022-05-09 08:00:00,100027.8108055875
2022-05-09 16:00:00,100027.8108055875
2022-05-10 00:00:00,100027.8108055875
2022-05-10 08:00:00,100027.8108055875
2022-05-10 16:00:00,100027.8108055875
2022-05-11 00:00:00,100027.8108055875
2022-05-11 08:00:00,100027.8108055875
2022-05-11 16:00:00,100027.8108055875
2022-05-12 00:00:00,100027.8108055875
2022-05-12 08:00:00,100027.8108055875
2022-05-12 16:00:00,100027.8108055875
2022-05-13 00:00:00,100027.8108055875
2022-05-13 08:00:00,100027.8108055875
2022-05-13 16:00:00,100027.8108055875
2022-05-14 00:00:00,100027.8108055875
2022-05-14 08:00:00,100027.8108055875
2022-05-14 16:00:00,100027.8108055875
2022-05-15 00:00:00,100027.8108055875
2022-05-15 08:00:00,100027.8108055875
2022-05-15 16:00:00,100027.8108055875
2022-05-16 00:00:00,100027.8108055875
2022-05-16 08:00:00,100027.8108055875
2022-05-16 16:00:00,100027.8108055875
2022-05-17 00:00:00,100027.8108055875
2022-05-17 08:00:00,100027.8108055875
2022-05-17 16:00:00,100027.8108055875
2022-05-18 00:00:00,100027.8108055875
2022-05-18 08:00:00,100027.8108055875
2022-05-18 16:00:00,100027.8108055875
2022-05-19 00:00:00,100027.8108055875
2022-05-19 08:00:00,100027.8108055875
2022-05-19 16:00:00,100027.8108055875
2022-05-20 00:00:00,100027.8108055875
2022-05-20 08:00:00,100027.8108055875
2022-05-20 16:00:00,100027.8108055875
2022-05-21 00:00:00,100027.8108055875
2022-05-21 08:00:00,100027.8108055875
2022-05-21 16:00:00,100027.8108055875
2022-05-22 00:00:00,100027.8108055875
2022-05-22 08:00:00,100027.8108055875
2022-05-22 16:00:00,100027.8108055875
2022-05-23 00:00:00,100027.8108055875
2022-05-23 08:00:00,100027.8108055875
2022-05-23 16:00:00,100027.8108055875
2022-05-24 00:00:00,100027.8108055875
2022-05-24 08:00:00,100027.8108055875
2022-05-24 16:00:00,100027.8108055875
2022-05-25 00:00:00,100027.8108055875
2022-05-25 08:00:00,100027.8108055875
2022-05-25 16:00:00,100027.8108055875
2022-05-26 00:00:00,100027.8108055875
2022-05-26 08:00:00,100027.8108055875
2022-05-26 16:00:00,100027.8108055875
2022-05-27 00:00:00,100027.8108055875
2022-05-27 08:00:00,100027.8108055875
2022-05-27 16:00:00,100027.8108055875
2022-05-28 00:00:00,100027.8108055875
2022-05-28 08:00:00,100027.8108055875
2022-05-28 16:00:00,100027.8108055875
2022-05-29 00:00:00,100027.8108055875
2022-05-29 08:00:00,100027.8108055875
2022-05-29 16:00:00,100027.8108055875
2022-05-30 00:00:00,100001.77526267733
2022-05-30 08:00:00,100000.48774244306
2022-05-30 16:00:00,99977.9528338432
2022-05-31 00:00:00,99984.89119477781
2022-05-31 08:00:00,99980.39219439996
2022-05-31 16:00:00,99992.00787931764
2022-06-01 00:00:00,99994.8145026693
2022-06-01 08:00:00,100007.88626184457
2022-06-01 16:00:00,100024.69341605334
2022-06-02 00:00:00,100022.30440516002
2022-06-02 08:00:00,100025.0928765499
2022-06-02 16:00:00,100020.19794952738
2022-06-03 00:00:00,100044.13865570002
2022-06-03 08:00:00,100044.13865570002
2022-06-03 16:00:00,100044.13865570002
2022-06-04 00:00:00,100044.13865570002
2022-06-04 08:00:00,100044.13865570002
2022-06-04 16:00:00,100044.13865570002
2022-06-05 00:00:00,100044.13865570002
2022-06-05 08:00:00,100044.13865570002
2022-06-05 16:00:00,100044.13865570002
2022-06-06 00:00:00,100044.13865570002
2022-06-06 08:00:00,100044.13865570002
2022-06-06 16:00:00,100044.13865570002
2022-06-07 00:00:00,100044.13865570002
2022-06-07 08:00:00,100044.13865570002
2022-06-07 16:00:00,100044.13865570002
2022-06-08 00:00:00,100044.13865570002
2022-06-08 08:00:00,100044.13865570002
2022-06-08 16:00:00,100044.13865570002
2022-06-09 00:00:00,100044.13865570002
2022-06-09 08:00:00,100044.13865570002
2022-06-09 16:00:00,100044.13865570002
2022-06-10 00:00:00,100044.13865570002
2022-06-10 08:00:00,100044.13865570002
2022-06-10 16:00:00,100044.13865570002
2022-06-11 00:00:00,100044.13865570002
2022-06-11 08:00:00,100044.13865570002
2022-06-11 16:00:00,100044.13865570002
2022-06-12 00:00:00,100044.13865570002
2022-06-12 08:00:00,100044.13865570002
2022-06-12 16:00:00,100044.13865570002
2022-06-13 00:00:00,100044.13865570002
2022-06-13 08:00:00,100044.13865570002
2022-06-13 16:00:00,100044.13865570002
2022-06-14 00:00:00,100044.13865570002
2022-06-14 08:00:00,100044.13865570002
2022-06-14 16:00:00,100044.13865570002
2022-06-15 00:00:00,100044.13865570002
2022-06-15 08:00:00,100044.13865570002
2022-06-15 16:00:00,100044.13865570002
2022-06-16 00:00:00,100044.13865570002
2022-06-16 08:00:00,100044.13865570002
2022-06-16 16:00:00,100044.13865570002
2022-06-17 00:00:00,100044.13865570002
2022-06-17 08:00:00,100044.13865570002
2022-06-17 16:00:00,100044.13865570002
2022-06-18 00:00:00,100044.13865570002
2022-06-18 08:00:00,100044.13865570002
2022-06-18 16:00:00,100044.13865570002
2022-06-19 00:00:00,100044.13865570002
2022-06-19 08:00:00,100044.13865570002
2022-06-19 16:00:00,100044.13865570002
2022-06-20 00:00:00,100044.13865570002
2022-06-20 08:00:00,100044.13865570002
2022-06-20 16:00:00,100044.13865570002
2022-06-21 00:00:00,100044.13865570002
2022-06-21 08:00:00,100044.13865570002
2022-06-21 16:00:00,100044.13865570002
2022-06-22 00:00:00,100021.61812425235
2022-06-22 08:00:00,100021.48318626735
2022-06-22 16:00:00,100009.79628040883
2022-06-23 00:00:00,100029.64766268937
2022-06-23 08:00:00,100030.76617285516
2022-06-23 16:00:00,100053.73162676251
2022-06-24 00:00:00,100055.58623947944
2022-06-24 08:00:00,100077.11917434636
2022-06-24 16:00:00,100088.42774839618
2022-06-25 00:00:00,100161.83193827224
2022-06-25 08:00:00,100161.83193827224
2022-06-25 16:00:00,100137.21973932032
2022-06-26 00:00:00,100138.81664408097
2022-06-26 08:00:00,100144.9132956389
2022-06-26 16:00:00,100155.29991972249
2022-06-27 00:00:00,100142.73460031491
2022-06-27 08:00:00,100159.30741709823
2022-06-27 16:00:00,100157.08330532756
2022-06-28 00:00:00,100150.73052783121
2022-06-28 08:00:00,100160.58778519787
2022-06-28 16:00:00,100177.41580680909
2022-06-29 00:00:00,100183.41681510185
2022-06-29 08:00:00,100190.5417376909
2022-06-29 16:00:00,100247.34680529113
2022-06-30 00:00:00,100247.34680529113
2022-06-30 08:00:00,100247.34680529113
2022-06-30 16:00:00,100247.34680529113
2022-07-01 00:00:00,100247.34680529113
2022-07-01 08:00:00,100247.34680529113
2022-07-01 16:00:00,100247.34680529113
2022-07-02 00:00:00,100247.34680529113
2022-07-02 08:00:00,100247.34680529113
2022-07-02 16:00:00,100247.34680529113
2022-07-03 00:00:00,100247.34680529113
2022-07-03 08:00:00,100247.34680529113
2022-07-03 16:00:00,100247.34680529113
2022-07-04 00:00:00,100247.34680529113
2022-07-04 08:00:00,100218.12199647682
2022-07-04 16:00:00,100200.61026855798
2022-07-05 00:00:00,100197.4088458622
2022-07-05 08:00:00,100225.61798522437
2022-07-05 16:00:00,100207.5436106884
2022-07-06 00:00:00,100204.39607740041
2022-07-06 08:00:00,100207.06195372177
2022-07-06 16:00:00,100183.39120315567
2022-07-07 00:00:00,100187.69369207717
2022-07-07 08:00:00,100138.25130187416
2022-07-07 16:00:00,100138.25130187416
2022-07-08 00:00:00,100138.25130187416
2022-07-08 08:00:00,100138.25130187416
2022-07-08 16:00:00,100138.25130187416
2022-07-09 00:00:00,100138.25130187416
2022-07-09 08:00:00,100138.25130187416
2022-07-09 16:00:00,100138.25130187416
2022-07-10 00:00:00,100138.25130187416
2022-07-10 08:00:00,100138.25130187416
2022-07-10 16:00:00,100138.25130187416
2022-07-11 00:00:00,100138.25130187416
2022-07-11 08:00:00,100138.25130187416
2022-07-11 16:00:00,100138.25130187416
2022-07-12 00:00:00,100138.25130187416
2022-07-12 08:00:00,100138.25130187416
2022-07-12 16:00:00,100138.25130187416
2022-07-13 00:00:00,100138.25130187416
2022-07-13 08:00:00,100138.25130187416
2022-07-13 16:00:00,100138.25130187416
2022-07-14 00:00:00,100138.25130187416
2022-07-14 08:00:00,100138.25130187416
2022-07-14 16:00:00,100138.25130187416
2022-07-15 00:00:00,100138.25130187416
2022-07-15 08:00:00,100138.25130187416
2022-07-15 16:00:00,100138.25130187416
2022-07-16 00:00:00,100138.25130187416
2022-07-16 08:00:00,100138.25130187416
2022-07-16 16:00:00,100138.25130187416
2022-07-17 00:00:00,100138.25130187416
2022-07-17 08:00:00,100138.25130187416
2022-07-17 16:00:00,100138.25130187416
2022-07-18 00:00:00,100138.25130187416
2022-07-18 08:00:00,100138.25130187416
2022-07-18 16:00:00,100138.25130187416
2022-07-19 00:00:00,100138.25130187416
2022-07-19 08:00:00,100138.25130187416
2022-07-19 16:00:00,100138.25130187416
2022-07-20 00:00:00,100138.25130187416
2022-07-20 08:00:00,100138.25130187416
2022-07-20 16:00:00,100138.25130187416
2022-07-21 00:00:00,100138.25130187416
2022-07-21 08:00:00,100138.25130187416
2022-07-21 16:00:00,100138.25130187416
2022-07-22 00:00:00,100138.25130187416
2022-07-22 08:00:00,100138.25130187416
2022-07-22 16:00:00,100138.25130187416
2022-07-23 00:00:00,100138.25130187416
2022-07-23 08:00:00,100138.25130187416
2022-07-23 16:00:00,100138.25130187416
2022-07-24 00:00:00,100138.25130187416
2022-07-24 08:00:00,100138.25130187416
2022-07-24 16:00:00,100138.25130187416
2022-07-25 00:00:00,100138.25130187416
2022-07-25 08:00:00,100138.25130187416
2022-07-25 16:00:00,100138.25130187416
2022-07-26 00:00:00,100138.25130187416
2022-07-26 08:00:00,100138.25130187416
2022-07-26 16:00:00,100138.25130187416
2022-07-27 00:00:00,100138.25130187416
2022-07-27 08:00:00,100138.25130187416
2022-07-27 16:00:00,100138.25130187416
2022-07-28 00:00:00,100138.25130187416
2022-07-28 08:00:00,100138.25130187416
2022-07-28 16:00:00,100138.25130187416
2022-07-29 00:00:00,100138.25130187416
2022-07-29 08:00:00,100138.25130187416
2022-07-29 16:00:00,100138.25130187416
2022-07-30 00:00:00,100138.25130187416
2022-07-30 08:00:00,100138.25130187416
2022-07-30 16:00:00,100138.25130187416
2022-07-31 00:00:00,100138.25130187416
2022-07-31 08:00:00,100138.25130187416
2022-07-31 16:00:00,100138.25130187416
2022-08-01 00:00:00,100138.25130187416
2022-08-01 08:00:00,100138.25130187416
2022-08-01 16:00:00,100138.25130187416
2022-08-02 00:00:00,100138.25130187416
2022-08-02 08:00:00,100138.25130187416
2022-08-02 16:00:00,100138.25130187416
2022-08-03 00:00:00,100138.25130187416
2022-08-03 08:00:00,100138.25130187416
2022-08-03 16:00:00,100138.25130187416
2022-08-04 00:00:00,100138.25130187416
2022-08-04 08:00:00,100138.25130187416
2022-08-04 16:00:00,100138.25130187416
2022-08-05 00:00:00,100138.25130187416
2022-08-05 08:00:00,100138.25130187416
2022-08-05 16:00:00,100138.25130187416
2022-08-06 00:00:00,100138.25130187416
2022-08-06 08:00:00,100138.25130187416
2022-08-06 16:00:00,100130.8800382587
2022-08-07 00:00:00,100129.47274861707
2022-08-07 08:00:00,100133.34696476045
2022-08-07 16:00:00,100133.6742287526
2022-08-08 00:00:00,100143.34139324118
2022-08-08 08:00:00,100155.64206174077
2022-08-08 16:00:00,100156.05970378678
2022-08-09 00:00:00,100157.43847156306
2022-08-09 08:00:00,100130.10716234164
2022-08-09 16:00:00,100135.53654075446
2022-08-10 00:00:00,100130.52693995986
2022-08-10 08:00:00,100173.47495152823
2022-08-10 16:00:00,100173.47495152823
2022-08-11 00:00:00,100173.47495152823
2022-08-11 08:00:00,100173.47495152823
2022-08-11 16:00:00,100173.47495152823
2022-08-12 00:00:00,100173.47495152823
2022-08-12 08:00:00,100173.47495152823
2022-08-12 16:00:00,100173.47495152823
2022-08-13 00:00:00,100173.47495152823
2022-08-13 08:00:00,100173.47495152823
2022-08-13 16:00:00,100173.47495152823
2022-08-14 00:00:00,100173.47495152823
2022-08-14 08:00:00,100173.47495152823
2022-08-14 16:00:00,100173.47495152823
2022-08-15 00:00:00,100173.47495152823
2022-08-15 08:00:00,100173.47495152823
2022-08-15 16:00:00,100173.47495152823
2022-08-16 00:00:00,100173.47495152823
2022-08-16 08:00:00,100173.47495152823
2022-08-16 16:00:00,100173.47495152823
2022-08-17 00:00:00,100173.47495152823
2022-08-17 08:00:00,100173.47495152823
2022-08-17 16:00:00,100173.47495152823
2022-08-18 00:00:00,100173.47495152823
2022-08-18 08:00:00,100173.47495152823
2022-08-18 16:00:00,100173.47495152823
2022-08-19 00:00:00,100173.47495152823
2022-08-19 08:00:00,100173.47495152823
2022-08-19 16:00:00,100173.47495152823
2022-08-20 00:00:00,100161.56281063046
2022-08-20 08:00:00,100165.37998972504
2022-08-20 16:00:00,100183.48220375998
2022-08-21 00:00:00,100180.37796805963
2022-08-21 08:00:00,100169.12522633835
2022-08-21 16:00:00,100170.0896452717
2022-08-22 00:00:00,100188.95395811541
2022-08-22 08:00:00,100178.48930923548
2022-08-22 16:00:00,100167.37602113163
2022-08-23 00:00:00,100174.36112927955
2022-08-23 08:00:00,100162.41930100777
2022-08-23 16:00:00,100154.89283944339
2022-08-24 00:00:00,100160.50847940639
2022-08-24 08:00:00,100160.50847940639
2022-08-24 16:00:00,100160.50847940639
2022-08-25 00:00:00,100160.50847940639
2022-08-25 08:00:00,100160.50847940639
2022-08-25 16:00:00,100160.50847940639
2022-08-26 00:00:00,100150.30714320549
2022-08-26 08:00:00,100130.06467007489
2022-08-26 16:00:00,100083.48484453575
2022-08-27 00:00:00,100083.48484453575
2022-08-27 08:00:00,100083.48484453575
2022-08-27 16:00:00,100083.48484453575
2022-08-28 00:00:00,100083.48484453575
2022-08-28 08:00:00,100083.48484453575
2022-08-28 16:00:00,100083.48484453575
2022-08-29 00:00:00,100083.48484453575
2022-08-29 08:00:00,100083.48484453575
2022-08-29 16:00:00,100083.48484453575
2022-08-30 00:00:00,100083.48484453575
2022-08-30 08:00:00,100083.48484453575
2022-08-30 16:00:00,100083.48484453575
2022-08-31 00:00:00,100083.48484453575
2022-08-31 08:00:00,100083.48484453575
2022-08-31 16:00:00,100083.48484453575
2022-09-01 00:00:00,100083.48484453575
2022-09-01 08:00:00,100083.48484453575
2022-09-01 16:00:00,100067.16192514104
2022-09-02 00:00:00,100064.67507880583
2022-09-02 08:00:00,100051.48619689772
2022-09-02 16:00:00,100070.08279762026
2022-09-03 00:00:00,100080.09940302829
2022-09-03 08:00:00,100078.54271535085
2022-09-03 16:00:00,100075.74941076082
2022-09-04 00:00:00,100079.53019735648
2022-09-04 08:00:00,100074.68058557693
2022-09-04 16:00:00,100068.73880782195
2022-09-05 00:00:00,100073.92568784178
2022-09-05 08:00:00,100061.79914605201
2022-09-05 16:00:00,100051.25192301454
2022-09-06 00:00:00,100051.25192301454
2022-09-06 08:00:00,100051.25192301454
2022-09-06 16:00:00,100018.13714049826
2022-09-07 00:00:00,100004.80549684868
2022-09-07 08:00:00,100013.44314166739
2022-09-07 16:00:00,100041.46575602755
2022-09-08 00:00:00,100036.40642759702
2022-09-08 08:00:00,100041.28460337408
2022-09-08 16:00:00,100043.01072402824
2022-09-09 00:00:00,100064.45218509596
2022-09-09 08:00:00,100068.54748427973
2022-09-09 16:00:00,100068.33199754014
2022-09-10 00:00:00,100066.15290048125
2022-09-10 08:00:00,100067.46956038784
2022-09-10 16:00:00,100135.84643687992
2022-09-11 00:00:00,100135.84643687992
2022-09-11 08:00:00,100135.84643687992
2022-09-11 16:00:00,100135.84643687992
2022-09-12 00:00:00,100135.84643687992
2022-09-12 08:00:00,100135.84643687992
2022-09-12 16:00:00,100135.84643687992
2022-09-13 00:00:00,100135.84643687992
2022-09-13 08:00:00,100135.84643687992
2022-09-13 16:00:00,100135.84643687992
2022-09-14 00:00:00,100135.84643687992
2022-09-14 08:00:00,100135.84643687992
2022-09-14 16:00:00,100135.84643687992
2022-09-15 00:00:00,100135.84643687992
2022-09-15 08:00:00,100135.84643687992
2022-09-15 16:00:00,100135.84643687992
2022-09-16 00:00:00,100135.84643687992
2022-09-16 08:00:00,100135.84643687992
2022-09-16 16:00:00,100135.84643687992
2022-09-17 00:00:00,100135.84643687992
2022-09-17 08:00:00,100135.84643687992
2022-09-17 16:00:00,100135.84643687992
2022-09-18 00:00:00,100135.84643687992
2022-09-18 08:00:00,100135.84643687992
2022-09-18 16:00:00,100135.84643687992
2022-09-19 00:00:00,100135.84643687992
2022-09-19 08:00:00,100135.84643687992
2022-09-19 16:00:00,100135.84643687992
2022-09-20 00:00:00,100135.84643687992
2022-09-20 08:00:00,100135.84643687992
2022-09-20 16:00:00,100135.84643687992
2022-09-21 00:00:00,100135.84643687992
2022-09-21 08:00:00,100135.84643687992
2022-09-21 16:00:00,100135.84643687992
2022-09-22 00:00:00,100135.84643687992
2022-09-22 08:00:00,100135.84643687992
2022-09-22 16:00:00,100135.84643687992
2022-09-23 00:00:00,100135.84643687992
2022-09-23 08:00:00,100135.84643687992
2022-09-23 16:00:00,100135.84643687992
2022-09-24 00:00:00,100135.84643687992
2022-09-24 08:00:00,100135.84643687992
2022-09-24 16:00:00,100135.84643687992
2022-09-25 00:00:00,100135.84643687992
2022-09-25 08:00:00,100135.84643687992
2022-09-25 16:00:00,100135.84643687992
2022-09-26 00:00:00,100135.84643687992
2022-09-26 08:00:00,100135.84643687992
2022-09-26 16:00:00,100135.84643687992
2022-09-27 00:00:00,100135.84643687992
2022-09-27 08:00:00,100135.84643687992
2022-09-27 16:00:00,100135.84643687992
2022-09-28 00:00:00,100135.84643687992
2022-09-28 08:00:00,100135.84643687992
2022-09-28 16:00:00,100135.84643687992
2022-09-29 00:00:00,100135.84643687992
2022-09-29 08:00:00,100135.84643687992
2022-09-29 16:00:00,100135.84643687992
2022-09-30 00:00:00,100135.84643687992
2022-09-30 08:00:00,100135.84643687992
2022-09-30 16:00:00,100135.84643687992
2022-10-01 00:00:00,100135.84643687992
2022-10-01 08:00:00,100135.84643687992
2022-10-01 16:00:00,100131.77904536396
2022-10-02 00:00:00,100131.46978690858
2022-10-02 08:00:00,100124.73832373558
2022-10-02 16:00:00,100118.18663072294
2022-10-03 00:00:00,100124.24020457991
2022-10-03 08:00:00,100134.62951237029
2022-10-03 16:00:00,100136.30071443469
2022-10-04 00:00:00,100146.52187185797
2022-10-04 08:00:00,100147.93919013074
2022-10-04 16:00:00,100150.6474711205
2022-10-05 00:00:00,100147.61512328088
2022-10-05 08:00:00,100139.22191359043
2022-10-05 16:00:00,100154.0087846103
2022-10-06 00:00:00,100154.0087846103
2022-10-06 08:00:00,100154.0087846103
2022-10-06 16:00:00,100154.0087846103
2022-10-07 00:00:00,100154.0087846103
2022-10-07 08:00:00,100154.0087846103
2022-10-07 16:00:00,100154.0087846103
2022-10-08 00:00:00,100153.79423501654
2022-10-08 08:00:00,100151.51226127135
2022-10-08 16:00:00,100148.09262329963
2022-10-09 00:00:00,100147.89076403814
2022-10-09 08:00:00,100152.25724590996
2022-10-09 16:00:00,100151.10135527665
2022-10-10 00:00:00,100148.67824094712
2022-10-10 08:00:00,100145.48632092509
2022-10-10 16:00:00,100129.71873551165
2022-10-11 00:00:00,100129.71873551165
2022-10-11 08:00:00,100129.71873551165
2022-10-11 16:00:00,100129.71873551165
2022-10-12 00:00:00,100129.71873551165
2022-10-12 08:00:00,100129.71873551165
2022-10-12 16:00:00,100129.71873551165
2022-10-13 00:00:00,100129.71873551165
2022-10-13 08:00:00,100129.71873551165
2022-10-13 16:00:00,100129.71873551165
2022-10-14 00:00:00,100116.1748596274
2022-10-14 08:00:00,100120.49798575384
2022-10-14 16:00:00,100126.00940218937
2022-10-15 00:00:00,100126.42680323988
2022-10-15 08:00:00,100129.86164554486
2022-10-15 16:00:00,100134.24732709727
2022-10-16 00:00:00,100130.95832342368
2022-10-16 08:00:00,100129.7872011041
2022-10-16 16:00:00,100121.99413598588
2022-10-17 00:00:00,100119.70871846685
2022-10-17 08:00:00,100113.19678060042
2022-10-17 16:00:00,100112.40930654536
2022-10-18 00:00:00,100106.11792988473
2022-10-18 08:00:00,100106.11792988473
2022-10-18 16:00:00,100106.11792988473
2022-10-19 00:00:00,100106.11792988473
2022-10-19 08:00:00,100106.11792988473
2022-10-19 16:00:00,100106.11792988473
2022-10-20 00:00:00,100106.11792988473
2022-10-20 08:00:00,100106.11792988473
2022-10-20 16:00:00,100106.11792988473
2022-10-21 00:00:00,100106.11792988473
2022-10-21 08:00:00,100106.11792988473
2022-10-21 16:00:00,100106.11792988473
2022-10-22 00:00:00,100106.11792988473
2022-10-22 08:00:00,100099.7410323083
2022-10-22 16:00:00,100100.65028290906
2022-10-23 00:00:00,100102.2967880196
2022-10-23 08:00:00,100100.62952536556
2022-10-23 16:00:00,100081.82092158428
2022-10-24 00:00:00,100081.82092158428
2022-10-24 08:00:00,100081.82092158428
2022-10-24 16:00:00,100081.82092158428
2022-10-25 00:00:00,100081.82092158428
2022-10-25 08:00:00,100081.82092158428
2022-10-25 16:00:00,100081.82092158428
2022-10-26 00:00:00,100081.82092158428
2022-10-26 08:00:00,100081.82092158428
2022-10-26 16:00:00,100081.82092158428
2022-10-27 00:00:00,100081.82092158428
2022-10-27 08:00:00,100081.82092158428
2022-10-27 16:00:00,100081.82092158428
2022-10-28 00:00:00,100081.82092158428
2022-10-28 08:00:00,100081.82092158428
2022-10-28 16:00:00,100081.82092158428
2022-10-29 00:00:00,100081.82092158428
2022-10-29 08:00:00,100081.82092158428
2022-10-29 16:00:00,100081.82092158428
2022-10-30 00:00:00,100081.82092158428
2022-10-30 08:00:00,100081.82092158428
2022-10-30 16:00:00,100081.82092158428
2022-10-31 00:00:00,100081.82092158428
2022-10-31 08:00:00,100081.82092158428
2022-10-31 16:00:00,100081.82092158428
2022-11-01 00:00:00,100081.82092158428
2022-11-01 08:00:00,100081.82092158428
2022-11-01 16:00:00,100081.82092158428
2022-11-02 00:00:00,100081.82092158428
2022-11-02 08:00:00,100081.82092158428
2022-11-02 16:00:00,100081.82092158428
2022-11-03 00:00:00,100081.82092158428
2022-11-03 08:00:00,100081.82092158428
2022-11-03 16:00:00,100081.82092158428
2022-11-04 00:00:00,100081.82092158428
2022-11-04 08:00:00,100081.82092158428
2022-11-04 16:00:00,100081.82092158428
2022-11-05 00:00:00,100081.82092158428
2022-11-05 08:00:00,100081.82092158428
2022-11-05 16:00:00,100081.82092158428
2022-11-06 00:00:00,100081.82092158428
2022-11-06 08:00:00,100081.82092158428
2022-11-06 16:00:00,100081.82092158428
2022-11-07 00:00:00,100081.82092158428
2022-11-07 08:00:00,100081.82092158428
2022-11-07 16:00:00,100081.82092158428
2022-11-08 00:00:00,100081.82092158428
2022-11-08 08:00:00,100081.82092158428
2022-11-08 16:00:00,100081.82092158428
2022-11-09 00:00:00,100081.82092158428
2022-11-09 08:00:00,100081.82092158428
2022-11-09 16:00:00,100081.82092158428
2022-11-10 00:00:00,100081.82092158428
2022-11-10 08:00:00,100081.82092158428
2022-11-10 16:00:00,100081.82092158428
2022-11-11 00:00:00,100081.82092158428
2022-11-11 08:00:00,100081.82092158428
2022-11-11 16:00:00,100081.82092158428
2022-11-12 00:00:00,100081.82092158428
2022-11-12 08:00:00,100081.82092158428
2022-11-12 16:00:00,100081.82092158428
2022-11-13 00:00:00,100081.82092158428
2022-11-13 08:00:00,100081.82092158428
2022-11-13 16:00:00,100081.82092158428
2022-11-14 00:00:00,100081.82092158428
2022-11-14 08:00:00,100081.82092158428
2022-11-14 16:00:00,100081.82092158428
2022-11-15 00:00:00,100081.82092158428
2022-11-15 08:00:00,100081.82092158428
2022-11-15 16:00:00,100081.82092158428
2022-11-16 00:00:00,100081.82092158428
2022-11-16 08:00:00,100081.82092158428
2022-11-16 16:00:00,100081.82092158428
2022-11-17 00:00:00,100081.82092158428
2022-11-17 08:00:00,100081.82092158428
2022-11-17 16:00:00,100081.82092158428
2022-11-18 00:00:00,100081.82092158428
2022-11-18 08:00:00,100081.82092158428
2022-11-18 16:00:00,100081.82092158428
2022-11-19 00:00:00,100081.82092158428
2022-11-19 08:00:00,100081.82092158428
2022-11-19 16:00:00,100081.82092158428
2022-11-20 00:00:00,100081.82092158428
2022-11-20 08:00:00,100081.82092158428
2022-11-20 16:00:00,100081.82092158428
2022-11-21 00:00:00,100081.82092158428
2022-11-21 08:00:00,100081.82092158428
2022-11-21 16:00:00,100081.82092158428
2022-11-22 00:00:00,100081.82092158428
2022-11-22 08:00:00,100081.82092158428
2022-11-22 16:00:00,100081.82092158428
2022-11-23 00:00:00,100081.82092158428
2022-11-23 08:00:00,100081.82092158428
2022-11-23 16:00:00,100081.82092158428
2022-11-24 00:00:00,100081.82092158428
2022-11-24 08:00:00,100081.82092158428
2022-11-24 16:00:00,100081.82092158428
2022-11-25 00:00:00,100081.82092158428
2022-11-25 08:00:00,100081.82092158428
2022-11-25 16:00:00,100081.82092158428
2022-11-26 00:00:00,100081.82092158428
2022-11-26 08:00:00,100081.82092158428
2022-11-26 16:00:00,100081.82092158428
2022-11-27 00:00:00,100081.82092158428
2022-11-27 08:00:00,100081.82092158428
2022-11-27 16:00:00,100081.82092158428
2022-11-28 00:00:00,100081.82092158428
2022-11-28 08:00:00,100081.82092158428
2022-11-28 16:00:00,100081.82092158428
2022-11-29 00:00:00,100064.90782181922
2022-11-29 08:00:00,100064.25269711815
2022-11-29 16:00:00,100061.14701490589
2022-11-30 00:00:00,100033.4304801937
2022-11-30 08:00:00,100033.4304801937
2022-11-30 16:00:00,100033.4304801937
2022-12-01 00:00:00,100033.4304801937
2022-12-01 08:00:00,100033.4304801937
2022-12-01 16:00:00,100033.4304801937
2022-12-02 00:00:00,100033.4304801937
2022-12-02 08:00:00,100033.4304801937
2022-12-02 16:00:00,100033.4304801937
2022-12-03 00:00:00,100033.4304801937
2022-12-03 08:00:00,100033.4304801937
2022-12-03 16:00:00,100033.4304801937
2022-12-04 00:00:00,100033.4304801937
2022-12-04 08:00:00,100033.4304801937
2022-12-04 16:00:00,100025.73401238774
2022-12-05 00:00:00,100018.7765914525
2022-12-05 08:00:00,100030.71765824695
2022-12-05 16:00:00,100033.47993342743
2022-12-06 00:00:00,100033.09447398828
2022-12-06 08:00:00,100035.41338220629
2022-12-06 16:00:00,100028.65946189842
2022-12-07 00:00:00,100047.15427864844
2022-12-07 08:00:00,100043.2872243167
2022-12-07 16:00:00,100044.2445064786
2022-12-08 00:00:00,100043.74055847933
2022-12-08 08:00:00,100036.83452218716
2022-12-08 16:00:00,100035.87837337387
2022-12-09 00:00:00,100035.87837337387
2022-12-09 08:00:00,100035.87837337387
2022-12-09 16:00:00,100030.08970428101
2022-12-10 00:00:00,100030.71572935303
2022-12-10 08:00:00,100036.12529776491
2022-12-10 16:00:00,100031.55243252384
2022-12-11 00:00:00,100035.4600385116
2022-12-11 08:00:00,100034.37011407809
2022-12-11 16:00:00,100030.22097328199
2022-12-12 00:00:00,100023.62851715772
2022-12-12 08:00:00,100024.72045187211
2022-12-12 16:00:00,100035.2836507184
2022-12-13 00:00:00,100031.68596485355
2022-12-13 08:00:00,100054.71986272467
2022-12-13 16:00:00,100077.40309704833
2022-12-14 00:00:00,100077.40309704833
2022-12-14 08:00:00,100077.40309704833
2022-12-14 16:00:00,100077.40309704833
2022-12-15 00:00:00,100077.40309704833
2022-12-15 08:00:00,100077.40309704833
2022-12-15 16:00:00,100077.40309704833
2022-12-16 00:00:00,100077.40309704833
2022-12-16 08:00:00,100077.40309704833
2022-12-16 16:00:00,100077.40309704833
2022-12-17 00:00:00,100077.40309704833
2022-12-17 08:00:00,100077.40309704833
2022-12-17 16:00:00,100077.40309704833
2022-12-18 00:00:00,100077.40309704833
2022-12-18 08:00:00,100077.40309704833
2022-12-18 16:00:00,100077.40309704833
2022-12-19 00:00:00,100077.40309704833
2022-12-19 08:00:00,100077.40309704833
2022-12-19 16:00:00,100077.40309704833
2022-12-20 00:00:00,100077.40309704833
2022-12-20 08:00:00,100077.40309704833
2022-12-20 16:00:00,100077.40309704833
2022-12-21 00:00:00,100077.40309704833
2022-12-21 08:00:00,100077.40309704833
2022-12-21 16:00:00,100077.40309704833
2022-12-22 00:00:00,100077.40309704833
2022-12-22 08:00:00,100077.40309704833
2022-12-22 16:00:00,100077.40309704833
2022-12-23 00:00:00,100077.40309704833
2022-12-23 08:00:00,100077.40309704833
2022-12-23 16:00:00,100077.40309704833
2022-12-24 00:00:00,100077.40309704833
2022-12-24 08:00:00,100077.40309704833
2022-12-24 16:00:00,100077.40309704833
2022-12-25 00:00:00,100077.40309704833
2022-12-25 08:00:00,100077.40309704833
2022-12-25 16:00:00,100077.40309704833
2022-12-26 00:00:00,100077.40309704833
2022-12-26 08:00:00,100077.40309704833
2022-12-26 16:00:00,100077.40309704833
2022-12-27 00:00:00,100077.40309704833
2022-12-27 08:00:00,100077.40309704833
2022-12-27 16:00:00,100077.40309704833
2022-12-28 00:00:00,100077.40309704833
2022-12-28 08:00:00,100077.40309704833
2022-12-28 16:00:00,100077.40309704833
2022-12-29 00:00:00,100077.40309704833
2022-12-29 08:00:00,100077.40309704833
2022-12-29 16:00:00,100077.40309704833
2022-12-30 00:00:00,100077.40309704833
2022-12-30 08:00:00,100077.40309704833
2022-12-30 16:00:00,100077.40309704833
2022-12-31 00:00:00,100077.40309704833
2022-12-31 08:00:00,100077.40309704833
2022-12-31 16:00:00,100077.40309704833
2023-01-01 00:00:00,100077.40309704833
2023-01-01 08:00:00,100077.40309704833
2023-01-01 16:00:00,100077.40309704833
2023-01-02 00:00:00,100072.04043744373
2023-01-02 08:00:00,100069.69710047005
2023-01-02 16:00:00,100071.86110253702
2023-01-03 00:00:00,100070.78056432049
2023-01-03 08:00:00,100072.61185507804
2023-01-03 16:00:00,100071.44293691909
2023-01-04 00:00:00,100054.77341844438
2023-01-04 08:00:00,100054.77341844438
2023-01-04 16:00:00,100054.77341844438
2023-01-05 00:00:00,100054.77341844438
2023-01-05 08:00:00,100054.77341844438
2023-01-05 16:00:00,100054.77341844438
2023-01-06 00:00:00,100054.77341844438
2023-01-06 08:00:00,100054.77341844438
2023-01-06 16:00:00,100054.77341844438
2023-01-07 00:00:00,100054.77341844438
2023-01-07 08:00:00,100054.77341844438
2023-01-07 16:00:00,100054.77341844438
2023-01-08 00:00:00,100054.77341844438
2023-01-08 08:00:00,100054.77341844438
2023-01-08 16:00:00,100054.77341844438
2023-01-09 00:00:00,100054.77341844438
2023-01-09 08:00:00,100054.77341844438
2023-01-09 16:00:00,100054.77341844438
2023-01-10 00:00:00,100054.77341844438
2023-01-10 08:00:00,100054.77341844438
2023-01-10 16:00:00,100054.77341844438
2023-01-11 00:00:00,100054.77341844438
2023-01-11 08:00:00,100054.77341844438
2023-01-11 16:00:00,100054.77341844438
2023-01-12 00:00:00,100054.77341844438
2023-01-12 08:00:00,100054.77341844438
2023-01-12 16:00:00,100054.77341844438
2023-01-13 00:00:00,100054.77341844438
2023-01-13 08:00:00,100054.77341844438
2023-01-13 16:00:00,100054.77341844438
2023-01-14 00:00:00,100054.77341844438
2023-01-14 08:00:00,100054.77341844438
2023-01-14 16:00:00,100054.77341844438
2023-01-15 00:00:00,100054.77341844438
2023-01-15 08:00:00,100054.77341844438
2023-01-15 16:00:00,100054.77341844438
2023-01-16 00:00:00,100054.77341844438
2023-01-16 08:00:00,100054.77341844438
2023-01-16 16:00:00,100054.77341844438
2023-01-17 00:00:00,100054.77341844438
2023-01-17 08:00:00,100054.77341844438
2023-01-17 16:00:00,100054.77341844438
2023-01-18 00:00:00,100054.77341844438
2023-01-18 08:00:00,100054.77341844438
2023-01-18 16:00:00,100054.77341844438
2023-01-19 00:00:00,100054.77341844438
2023-01-19 08:00:00,100054.77341844438
2023-01-19 16:00:00,100054.77341844438
2023-01-20 00:00:00,100054.77341844438
2023-01-20 08:00:00,100054.77341844438
2023-01-20 16:00:00,100054.77341844438
2023-01-21 00:00:00,100054.77341844438
2023-01-21 08:00:00,100054.77341844438
2023-01-21 16:00:00,100054.77341844438
2023-01-22 00:00:00,100054.77341844438
2023-01-22 08:00:00,100054.77341844438
2023-01-22 16:00:00,100054.77341844438
2023-01-23 00:00:00,100054.77341844438
2023-01-23 08:00:00,100054.77341844438
2023-01-23 16:00:00,100054.77341844438
2023-01-24 00:00:00,100054.77341844438
2023-01-24 08:00:00,100054.77341844438
2023-01-24 16:00:00,100034.73369890837
2023-01-25 00:00:00,100033.74041705203
2023-01-25 08:00:00,100030.70313785784
2023-01-25 16:00:00,100052.71874545368
2023-01-26 00:00:00,100050.60147070099
2023-01-26 08:00:00,100045.86577922734
2023-01-26 16:00:00,100049.41906293391
2023-01-27 00:00:00,100044.49687828154
2023-01-27 08:00:00,100041.1198541778
2023-01-27 16:00:00,100048.37713126854
2023-01-28 00:00:00,100046.86113286736
2023-01-28 08:00:00,100042.37792459359
2023-01-28 16:00:00,100046.77017711967
2023-01-29 00:00:00,100046.77017711967
2023-01-29 08:00:00,100046.77017711967
2023-01-29 16:00:00,100046.77017711967
2023-01-30 00:00:00,100046.77017711967
2023-01-30 08:00:00,100046.77017711967
2023-01-30 16:00:00,100040.73284481632
2023-01-31 00:00:00,100045.19529831919
2023-01-31 08:00:00,100047.91823687682
2023-01-31 16:00:00,100046.82548125267
2023-02-01 00:00:00,100043.67893783351
2023-02-01 08:00:00,100043.72657616831
2023-02-01 16:00:00,100064.8759927185
2023-02-02 00:00:00,100072.08922092762
2023-02-02 08:00:00,100075.98582367999
2023-02-02 16:00:00,100065.6618580063
2023-02-03 00:00:00,100063.92998626937
2023-02-03 08:00:00,100071.638864718
2023-02-03 16:00:00,100102.27567374572
2023-02-04 00:00:00,100102.27567374572
2023-02-04 08:00:00,100102.27567374572
2023-02-04 16:00:00,100102.27567374572
2023-02-05 00:00:00,100102.27567374572
2023-02-05 08:00:00,100102.27567374572
2023-02-05 16:00:00,100102.27567374572
2023-02-06 00:00:00,100102.27567374572
2023-02-06 08:00:00,100102.27567374572
2023-02-06 16:00:00,100102.27567374572
2023-02-07 00:00:00,100102.27567374572
2023-02-07 08:00:00,100102.27567374572
2023-02-07 16:00:00,100102.27567374572
2023-02-08 00:00:00,100102.27567374572
2023-02-08 08:00:00,100102.27567374572
2023-02-08 16:00:00,100102.27567374572
2023-02-09 00:00:00,100102.27567374572
2023-02-09 08:00:00,100102.27567374572
2023-02-09 16:00:00,100102.27567374572
2023-02-10 00:00:00,100102.27567374572
2023-02-10 08:00:00,100102.27567374572
2023-02-10 16:00:00,100102.27567374572
2023-02-11 00:00:00,100102.27567374572
2023-02-11 08:00:00,100102.27567374572
2023-02-11 16:00:00,100102.27567374572
2023-02-12 00:00:00,100102.27567374572
2023-02-12 08:00:00,100102.27567374572
2023-02-12 16:00:00,100102.27567374572
2023-02-13 00:00:00,100102.27567374572
2023-02-13 08:00:00,100102.27567374572
2023-02-13 16:00:00,100102.27567374572
2023-02-14 00:00:00,100102.27567374572
2023-02-14 08:00:00,100102.27567374572
2023-02-14 16:00:00,100102.27567374572
2023-02-15 00:00:00,100102.27567374572
2023-02-15 08:00:00,100102.27567374572
2023-02-15 16:00:00,100102.27567374572
2023-02-16 00:00:00,100102.27567374572
2023-02-16 08:00:00,100102.27567374572
2023-02-16 16:00:00,100102.27567374572
2023-02-17 00:00:00,100102.27567374572
2023-02-17 08:00:00,100102.27567374572
2023-02-17 16:00:00,100102.27567374572
2023-02-18 00:00:00,100102.27567374572
2023-02-18 08:00:00,100102.27567374572
2023-02-18 16:00:00,100102.27567374572
2023-02-19 00:00:00,100102.27567374572
2023-02-19 08:00:00,100102.27567374572
2023-02-19 16:00:00,100102.27567374572
2023-02-20 00:00:00,100102.27567374572
2023-02-20 08:00:00,100102.27567374572
2023-02-20 16:00:00,100102.27567374572
2023-02-21 00:00:00,100102.27567374572
2023-02-21 08:00:00,100102.27567374572
2023-02-21 16:00:00,100102.27567374572
2023-02-22 00:00:00,100102.27567374572
2023-02-22 08:00:00,100102.27567374572
2023-02-22 16:00:00,100102.27567374572
2023-02-23 00:00:00,100102.27567374572
2023-02-23 08:00:00,100102.27567374572
2023-02-23 16:00:00,100102.27567374572
2023-02-24 00:00:00,100102.27567374572
2023-02-24 08:00:00,100102.27567374572
2023-02-24 16:00:00,100102.27567374572
2023-02-25 00:00:00,100102.27567374572
2023-02-25 08:00:00,100102.27567374572
2023-02-25 16:00:00,100102.27567374572
2023-02-26 00:00:00,100102.27567374572
2023-02-26 08:00:00,100102.27567374572
2023-02-26 16:00:00,100091.0903300663
2023-02-27 00:00:00,100092.58514668395
2023-02-27 08:00:00,100090.18317921838
2023-02-27 16:00:00,100093.48411379968
2023-02-28 00:00:00,100097.80641603538
2023-02-28 08:00:00,100091.03118298449
2023-02-28 16:00:00,100101.91946366713
2023-03-01 00:00:00,100087.69377773209
2023-03-01 08:00:00,100085.66210058778
2023-03-01 16:00:00,100083.41821704492
2023-03-02 00:00:00,100089.63562415814
2023-03-02 08:00:00,100094.60728627152
2023-03-02 16:00:00,100091.93220634932
2023-03-03 00:00:00,100091.93220634932
2023-03-03 08:00:00,100091.93220634932
2023-03-03 16:00:00,100091.93220634932
2023-03-04 00:00:00,100091.93220634932
2023-03-04 08:00:00,100091.93220634932
2023-03-04 16:00:00,100091.93220634932
2023-03-05 00:00:00,100091.93220634932
2023-03-05 08:00:00,100091.93220634932
2023-03-05 16:00:00,100091.93220634932
2023-03-06 00:00:00,100091.93220634932
2023-03-06 08:00:00,100091.93220634932
2023-03-06 16:00:00,100091.93220634932
2023-03-07 00:00:00,100091.93220634932
2023-03-07 08:00:00,100091.93220634932
2023-03-07 16:00:00,100091.93220634932
2023-03-08 00:00:00,100091.93220634932
2023-03-08 08:00:00,100091.93220634932
2023-03-08 16:00:00,100091.93220634932
2023-03-09 00:00:00,100091.93220634932
2023-03-09 08:00:00,100091.93220634932
2023-03-09 16:00:00,100091.93220634932
2023-03-10 00:00:00,100091.93220634932
2023-03-10 08:00:00,100091.93220634932
2023-03-10 16:00:00,100091.93220634932
2023-03-11 00:00:00,100091.93220634932
2023-03-11 08:00:00,100091.93220634932
2023-03-11 16:00:00,100091.93220634932
2023-03-12 00:00:00,100091.93220634932
2023-03-12 08:00:00,100091.93220634932
2023-03-12 16:00:00,100049.18818606298
2023-03-13 00:00:00,100040.67051743867
2023-03-13 08:00:00,100021.93800076332
2023-03-13 16:00:00,100019.65699875646
2023-03-14 00:00:00,100021.83198860935
2023-03-14 08:00:00,99960.74096205094
2023-03-14 16:00:00,99960.74096205094
2023-03-15 00:00:00,99960.74096205094
2023-03-15 08:00:00,99960.74096205094
2023-03-15 16:00:00,99960.74096205094
2023-03-16 00:00:00,99960.74096205094
2023-03-16 08:00:00,99960.74096205094
2023-03-16 16:00:00,99960.74096205094
2023-03-17 00:00:00,99960.74096205094
2023-03-17 08:00:00,99960.74096205094
2023-03-17 16:00:00,99960.74096205094
2023-03-18 00:00:00,99960.74096205094
2023-03-18 08:00:00,99960.74096205094
2023-03-18 16:00:00,99960.74096205094
2023-03-19 00:00:00,99960.74096205094
2023-03-19 08:00:00,99960.74096205094
2023-03-19 16:00:00,99960.74096205094
2023-03-20 00:00:00,99960.74096205094
2023-03-20 08:00:00,99960.74096205094
2023-03-20 16:00:00,99960.74096205094
2023-03-21 00:00:00,99960.74096205094
2023-03-21 08:00:00,99960.74096205094
2023-03-21 16:00:00,99960.74096205094
2023-03-22 00:00:00,99960.74096205094
2023-03-22 08:00:00,99960.74096205094
2023-03-22 16:00:00,99960.74096205094
2023-03-23 00:00:00,99960.74096205094
2023-03-23 08:00:00,99960.74096205094
2023-03-23 16:00:00,99960.74096205094
2023-03-24 00:00:00,99960.74096205094
2023-03-24 08:00:00,99960.74096205094
2023-03-24 16:00:00,99960.74096205094
2023-03-25 00:00:00,99960.74096205094
2023-03-25 08:00:00,99960.74096205094
2023-03-25 16:00:00,99960.74096205094
2023-03-26 00:00:00,99960.74096205094
2023-03-26 08:00:00,99960.74096205094
2023-03-26 16:00:00,99960.74096205094
2023-03-27 00:00:00,99960.74096205094
2023-03-27 08:00:00,99960.74096205094
2023-03-27 16:00:00,99960.74096205094
2023-03-28 00:00:00,99960.74096205094
2023-03-28 08:00:00,99960.74096205094
2023-03-28 16:00:00,99960.74096205094
2023-03-29 00:00:00,99960.74096205094
2023-03-29 08:00:00,99960.74096205094
2023-03-29 16:00:00,99960.74096205094
2023-03-30 00:00:00,99960.74096205094
2023-03-30 08:00:00,99960.74096205094
2023-03-30 16:00:00,99960.74096205094
2023-03-31 00:00:00,99960.74096205094
2023-03-31 08:00:00,99960.74096205094
2023-03-31 16:00:00,99960.74096205094
2023-04-01 00:00:00,99960.74096205094
2023-04-01 08:00:00,99960.74096205094
2023-04-01 16:00:00,99960.74096205094
2023-04-02 00:00:00,99960.74096205094
2023-04-02 08:00:00,99960.74096205094
2023-04-02 16:00:00,99959.88969726667
2023-04-03 00:00:00,99960.01230914323
2023-04-03 08:00:00,99960.57507175433
2023-04-03 16:00:00,99964.37642545719
2023-04-04 00:00:00,99964.82109701802
2023-04-04 08:00:00,99978.84759707148
2023-04-04 16:00:00,99980.7240930672
2023-04-05 00:00:00,100012.45310819507
2023-04-05 08:00:00,100012.45310819507
2023-04-05 16:00:00,100012.45310819507
2023-04-06 00:00:00,100012.45310819507
2023-04-06 08:00:00,100012.45310819507
2023-04-06 16:00:00,100012.45310819507
2023-04-07 00:00:00,100012.45310819507
2023-04-07 08:00:00,100012.45310819507
2023-04-07 16:00:00,100012.45310819507
2023-04-08 00:00:00,100012.45310819507
2023-04-08 08:00:00,100012.45310819507
2023-04-08 16:00:00,100012.45310819507
2023-04-09 00:00:00,100012.45310819507
2023-04-09 08:00:00,100012.45310819507
2023-04-09 16:00:00,100012.45310819507
2023-04-10 00:00:00,100012.45310819507
2023-04-10 08:00:00,100012.45310819507
2023-04-10 16:00:00,100012.45310819507
2023-04-11 00:00:00,100012.45310819507
2023-04-11 08:00:00,100012.45310819507
2023-04-11 16:00:00,100012.45310819507
2023-04-12 00:00:00,100012.45310819507
2023-04-12 08:00:00,100012.45310819507
2023-04-12 16:00:00,100012.45310819507
2023-04-13 00:00:00,100012.45310819507
2023-04-13 08:00:00,100012.45310819507
2023-04-13 16:00:00,100012.45310819507
2023-04-14 00:00:00,100012.45310819507
2023-04-14 08:00:00,100012.45310819507
2023-04-14 16:00:00,100012.45310819507
2023-04-15 00:00:00,100012.45310819507
2023-04-15 08:00:00,100012.45310819507
2023-04-15 16:00:00,100012.45310819507
2023-04-16 00:00:00,100012.45310819507
2023-04-16 08:00:00,100012.45310819507
2023-04-16 16:00:00,100012.45310819507
2023-04-17 00:00:00,100012.45310819507
2023-04-17 08:00:00,100012.45310819507
2023-04-17 16:00:00,100012.45310819507
2023-04-18 00:00:00,100012.45310819507
2023-04-18 08:00:00,100012.45310819507
2023-04-18 16:00:00,100012.45310819507
2023-04-19 00:00:00,100012.45310819507
2023-04-19 08:00:00,100012.45310819507
2023-04-19 16:00:00,100012.45310819507
2023-04-20 00:00:00,100012.45310819507
2023-04-20 08:00:00,100012.45310819507
2023-04-20 16:00:00,100012.45310819507
2023-04-21 00:00:00,100012.45310819507
2023-04-21 08:00:00,100012.45310819507
2023-04-21 16:00:00,100012.45310819507
2023-04-22 00:00:00,100012.45310819507
2023-04-22 08:00:00,100008.1658793399
2023-04-22 16:00:00,100006.12366024537
2023-04-23 00:00:00,100006.16636619499
2023-04-23 08:00:00,100010.13836043897
2023-04-23 16:00:00,100009.34456511472
2023-04-24 00:00:00,100013.78542490535
2023-04-24 08:00:00,100016.77536959556
2023-04-24 16:00:00,100014.7436612386
2023-04-25 00:00:00,100022.01177191803
2023-04-25 08:00:00,100022.09446070607
2023-04-25 16:00:00,100007.96059824032
2023-04-26 00:00:00,100009.11593840913
2023-04-26 08:00:00,99985.14270534481
2023-04-26 16:00:00,99985.14270534481
2023-04-27 00:00:00,99985.14270534481
2023-04-27 08:00:00,99985.14270534481
2023-04-27 16:00:00,99985.14270534481
2023-04-28 00:00:00,99985.14270534481
2023-04-28 08:00:00,99985.14270534481
2023-04-28 16:00:00,99985.14270534481
2023-04-29 00:00:00,99985.14270534481
2023-04-29 08:00:00,99985.14270534481
2023-04-29 16:00:00,99985.14270534481
2023-04-30 00:00:00,99985.14270534481
2023-04-30 08:00:00,99985.14270534481
2023-04-30 16:00:00,99985.14270534481
2023-05-01 00:00:00,99985.14270534481
2023-05-01 08:00:00,99985.14270534481
2023-05-01 16:00:00,99985.14270534481
2023-05-02 00:00:00,99985.14270534481
2023-05-02 08:00:00,99985.14270534481
2023-05-02 16:00:00,99985.14270534481
2023-05-03 00:00:00,99985.14270534481
2023-05-03 08:00:00,99985.14270534481
2023-05-03 16:00:00,99985.14270534481
2023-05-04 00:00:00,99985.14270534481
2023-05-04 08:00:00,99985.14270534481
2023-05-04 16:00:00,99985.14270534481
2023-05-05 00:00:00,99985.14270534481
2023-05-05 08:00:00,99985.14270534481
2023-05-05 16:00:00,99985.14270534481
2023-05-06 00:00:00,99985.14270534481
2023-05-06 08:00:00,99964.22023736591
2023-05-06 16:00:00,99969.31121011036
2023-05-07 00:00:00,99971.73489717151
2023-05-07 08:00:00,99974.80310891684
2023-05-07 16:00:00,99962.62823909555
2023-05-08 00:00:00,99957.56193311766
2023-05-08 08:00:00,99961.17554036596
2023-05-08 16:00:00,99956.5124767245
2023-05-09 00:00:00,99956.79396202396
2023-05-09 08:00:00,99954.44595822551
2023-05-09 16:00:00,99956.32122517073
2023-05-10 00:00:00,99954.11989000018
2023-05-10 08:00:00,99952.35609918932
2023-05-10 16:00:00,99952.35609918932
2023-05-11 00:00:00,99952.35609918932
2023-05-11 08:00:00,99952.35609918932
2023-05-11 16:00:00,99952.35609918932
2023-05-12 00:00:00,99952.35609918932
2023-05-12 08:00:00,99952.35609918932
2023-05-12 16:00:00,99952.35609918932
2023-05-13 00:00:00,99952.35609918932
2023-05-13 08:00:00,99952.35609918932
2023-05-13 16:00:00,99952.35609918932
2023-05-14 00:00:00,99952.35609918932
2023-05-14 08:00:00,99952.35609918932
2023-05-14 16:00:00,99952.35609918932
2023-05-15 00:00:00,99952.35609918932
2023-05-15 08:00:00,99952.35609918932
2023-05-15 16:00:00,99952.35609918932
2023-05-16 00:00:00,99952.35609918932
2023-05-16 08:00:00,99952.35609918932
2023-05-16 16:00:00,99952.35609918932
2023-05-17 00:00:00,99952.35609918932
2023-05-17 08:00:00,99952.35609918932
2023-05-17 16:00:00,99952.35609918932
2023-05-18 00:00:00,99952.35609918932
2023-05-18 08:00:00,99952.35609918932
2023-05-18 16:00:00,99952.35609918932
2023-05-19 00:00:00,99952.35609918932
2023-05-19 08:00:00,99952.35609918932
2023-05-19 16:00:00,99952.35609918932
2023-05-20 00:00:00,99952.35609918932
2023-05-20 08:00:00,99952.35609918932
2023-05-20 16:00:00,99952.35609918932
2023-05-21 00:00:00,99952.35609918932
2023-05-21 08:00:00,99952.35609918932
2023-05-21 16:00:00,99952.35609918932
2023-05-22 00:00:00,99952.35609918932
2023-05-22 08:00:00,99952.35609918932
2023-05-22 16:00:00,99952.35609918932
2023-05-23 00:00:00,99942.11696193815
2023-05-23 08:00:00,99941.46735354209
2023-05-23 16:00:00,99942.25878788464
2023-05-24 00:00:00,99953.04646479063
2023-05-24 08:00:00,99968.9933538942
2023-05-24 16:00:00,99968.9933538942
2023-05-25 00:00:00,99968.9933538942
2023-05-25 08:00:00,99968.9933538942
2023-05-25 16:00:00,99965.07974447511
2023-05-26 00:00:00,99962.03035670466
2023-05-26 08:00:00,99958.12417049479
2023-05-26 16:00:00,99958.95449182572
2023-05-27 00:00:00,99958.28419924328
2023-05-27 08:00:00,99960.00275649488
2023-05-27 16:00:00,99958.3906487361
2023-05-28 00:00:00,99953.51256340083
2023-05-28 08:00:00,99954.46246546695
2023-05-28 16:00:00,99925.1417199287
2023-05-29 00:00:00,99925.1417199287
2023-05-29 08:00:00,99925.1417199287
2023-05-29 16:00:00,99925.1417199287
2023-05-30 00:00:00,99925.1417199287
2023-05-30 08:00:00,99925.1417199287
2023-05-30 16:00:00,99925.1417199287
2023-05-31 00:00:00,99925.1417199287
2023-05-31 08:00:00,99925.1417199287
2023-05-31 16:00:00,99925.1417199287
2023-06-01 00:00:00,99925.1417199287
2023-06-01 08:00:00,99925.1417199287
2023-06-01 16:00:00,99925.1417199287
2023-06-02 00:00:00,99925.1417199287
2023-06-02 08:00:00,99925.1417199287
2023-06-02 16:00:00,99925.1417199287
2023-06-03 00:00:00,99925.1417199287
2023-06-03 08:00:00,99925.1417199287
2023-06-03 16:00:00,99925.1417199287
2023-06-04 00:00:00,99925.1417199287
2023-06-04 08:00:00,99925.1417199287
2023-06-04 16:00:00,99925.1417199287
2023-06-05 00:00:00,99925.1417199287
2023-06-05 08:00:00,99910.88187135677
2023-06-05 16:00:00,99908.43209245606
2023-06-06 00:00:00,99909.04754027617
2023-06-06 08:00:00,99917.07440028623
2023-06-06 16:00:00,99928.43687591831
2023-06-07 00:00:00,99926.08360224636
2023-06-07 08:00:00,99916.46092068584
2023-06-07 16:00:00,99914.56400317766
2023-06-08 00:00:00,99917.24012538763
2023-06-08 08:00:00,99920.94404019957
2023-06-08 16:00:00,99918.29621087325
2023-06-09 00:00:00,99915.66683903403
2023-06-09 08:00:00,99921.01356177087
2023-06-09 16:00:00,99921.01356177087
2023-06-10 00:00:00,99921.01356177087
2023-06-10 08:00:00,99921.01356177087
2023-06-10 16:00:00,99921.01356177087
2023-06-11 00:00:00,99921.01356177087
2023-06-11 08:00:00,99921.01356177087
2023-06-11 16:00:00,99921.01356177087
2023-06-12 00:00:00,99921.01356177087
2023-06-12 08:00:00,99921.01356177087
2023-06-12 16:00:00,99921.01356177087
2023-06-13 00:00:00,99921.01356177087
2023-06-13 08:00:00,99921.01356177087
2023-06-13 16:00:00,99921.01356177087
2023-06-14 00:00:00,99921.01356177087
2023-06-14 08:00:00,99921.01356177087
2023-06-14 16:00:00,99921.01356177087
2023-06-15 00:00:00,99921.01356177087
2023-06-15 08:00:00,99921.01356177087
2023-06-15 16:00:00,99921.01356177087
2023-06-16 00:00:00,99921.01356177087
2023-06-16 08:00:00,99921.01356177087
2023-06-16 16:00:00,99921.01356177087
2023-06-17 00:00:00,99921.01356177087
2023-06-17 08:00:00,99921.01356177087
2023-06-17 16:00:00,99921.01356177087
2023-06-18 00:00:00,99921.01356177087
2023-06-18 08:00:00,99921.01356177087
2023-06-18 16:00:00,99921.01356177087
2023-06-19 00:00:00,99921.01356177087
2023-06-19 08:00:00,99921.01356177087
2023-06-19 16:00:00,99921.01356177087
2023-06-20 00:00:00,99921.01356177087
2023-06-20 08:00:00,99921.01356177087
2023-06-20 16:00:00,99921.01356177087
2023-06-21 00:00:00,99921.01356177087
2023-06-21 08:00:00,99921.01356177087
2023-06-21 16:00:00,99921.01356177087
2023-06-22 00:00:00,99921.01356177087
2023-06-22 08:00:00,99921.01356177087
2023-06-22 16:00:00,99921.01356177087
2023-06-23 00:00:00,99921.01356177087
2023-06-23 08:00:00,99921.01356177087
2023-06-23 16:00:00,99921.01356177087
2023-06-24 00:00:00,99921.01356177087
2023-06-24 08:00:00,99921.01356177087
2023-06-24 16:00:00,99921.34160887264
2023-06-25 00:00:00,99931.03266980927
2023-06-25 08:00:00,99924.40142127851
2023-06-25 16:00:00,99927.79056646748
2023-06-26 00:00:00,99926.00865150771
2023-06-26 08:00:00,99925.2030096193
2023-06-26 16:00:00,99917.18391220285
2023-06-27 00:00:00,99921.7169498662
2023-06-27 08:00:00,99920.49390805073
2023-06-27 16:00:00,99925.47281108923
2023-06-28 00:00:00,99915.10760297017
2023-06-28 08:00:00,99917.52195070992
2023-06-28 16:00:00,99904.33734094517
2023-06-29 00:00:00,99904.33734094517
2023-06-29 08:00:00,99904.33734094517
2023-06-29 16:00:00,99904.33734094517
2023-06-30 00:00:00,99894.71491248139
2023-06-30 08:00:00,99904.16516375302
2023-06-30 16:00:00,99881.96783607462
2023-07-01 00:00:00,99885.48336972306
2023-07-01 08:00:00,99884.87202769287
2023-07-01 16:00:00,99884.37056369938
2023-07-02 00:00:00,99886.94803397011
2023-07-02 08:00:00,99885.97742182715
2023-07-02 16:00:00,99880.81612290569
2023-07-03 00:00:00,99858.73572653603
2023-07-03 08:00:00,99858.73572653603
2023-07-03 16:00:00,99858.73572653603
2023-07-04 00:00:00,99858.73572653603
2023-07-04 08:00:00,99858.73572653603
2023-07-04 16:00:00,99858.73572653603
2023-07-05 00:00:00,99858.73572653603
2023-07-05 08:00:00,99858.73572653603
2023-07-05 16:00:00,99858.73572653603
2023-07-06 00:00:00,99858.73572653603
2023-07-06 08:00:00,99858.73572653603
2023-07-06 16:00:00,99858.73572653603
2023-07-07 00:00:00,99858.73572653603
2023-07-07 08:00:00,99858.73572653603
2023-07-07 16:00:00,99858.73572653603
2023-07-08 00:00:00,99858.73572653603
2023-07-08 08:00:00,99858.73572653603
2023-07-08 16:00:00,99858.73572653603
2023-07-09 00:00:00,99858.73572653603
2023-07-09 08:00:00,99858.73572653603
2023-07-09 16:00:00,99858.73572653603
2023-07-10 00:00:00,99858.73572653603
2023-07-10 08:00:00,99858.73572653603
2023-07-10 16:00:00,99856.24192816253
2023-07-11 00:00:00,99855.43163960942
2023-07-11 08:00:00,99858.41023728927
2023-07-11 16:00:00,99856.67580606333
2023-07-12 00:00:00,99853.39716985472
2023-07-12 08:00:00,99855.36783198228
2023-07-12 16:00:00,99858.4761620248
2023-07-13 00:00:00,99858.7697362621
2023-07-13 08:00:00,99844.08448966543
2023-07-13 16:00:00,99844.08448966543
2023-07-14 00:00:00,99844.08448966543
2023-07-14 08:00:00,99844.08448966543
2023-07-14 16:00:00,99844.08448966543
2023-07-15 00:00:00,99844.08448966543
2023-07-15 08:00:00,99844.08448966543
2023-07-15 16:00:00,99844.08448966543
2023-07-16 00:00:00,99844.08448966543
2023-07-16 08:00:00,99844.08448966543
2023-07-16 16:00:00,99844.08448966543
2023-07-17 00:00:00,99844.08448966543
2023-07-17 08:00:00,99844.08448966543
2023-07-17 16:00:00,99844.08448966543
2023-07-18 00:00:00,99844.08448966543
2023-07-18 08:00:00,99844.08448966543
2023-07-18 16:00:00,99844.08448966543
2023-07-19 00:00:00,99844.08448966543
2023-07-19 08:00:00,99844.08448966543
2023-07-19 16:00:00,99844.08448966543
2023-07-20 00:00:00,99844.08448966543
2023-07-20 08:00:00,99844.08448966543
2023-07-20 16:00:00,99844.08448966543
2023-07-21 00:00:00,99844.08448966543
2023-07-21 08:00:00,99844.08448966543
2023-07-21 16:00:00,99844.08448966543
2023-07-22 00:00:00,99844.07128864307
2023-07-22 08:00:00,99843.35049385724
2023-07-22 16:00:00,99837.41190702184
2023-07-23 00:00:00,99839.74515699994
2023-07-23 08:00:00,99839.46017757455
2023-07-23 16:00:00,99843.35355676366
2023-07-24 00:00:00,99839.73343792488
2023-07-24 08:00:00,99826.36394932515
2023-07-24 16:00:00,99826.36394932515
2023-07-25 00:00:00,99826.36394932515
2023-07-25 08:00:00,99826.36394932515
2023-07-25 16:00:00,99826.36394932515
2023-07-26 00:00:00,99826.36394932515
2023-07-26 08:00:00,99826.36394932515
2023-07-26 16:00:00,99826.36394932515
2023-07-27 00:00:00,99826.36394932515
2023-07-27 08:00:00,99826.36394932515
2023-07-27 16:00:00,99826.36394932515
2023-07-28 00:00:00,99826.36394932515
2023-07-28 08:00:00,99826.36394932515
2023-07-28 16:00:00,99826.36394932515
2023-07-29 00:00:00,99826.36394932515
2023-07-29 08:00:00,99826.36394932515
2023-07-29 16:00:00,99826.36394932515
2023-07-30 00:00:00,99824.85846887833
2023-07-30 08:00:00,99825.14875341805
2023-07-30 16:00:00,99821.28674179196
2023-07-31 00:00:00,99822.2094433397
2023-07-31 08:00:00,99820.10772586268
2023-07-31 16:00:00,99819.84961908482
2023-08-01 00:00:00,99808.33495113725
2023-08-01 08:00:00,99808.33495113725
2023-08-01 16:00:00,99797.7759144805
2023-08-02 00:00:00,99802.24351732635
2023-08-02 08:00:00,99806.13607794794
2023-08-02 16:00:00,99806.87576399282
2023-08-03 00:00:00,99808.92718123298
2023-08-03 08:00:00,99806.71194195506
2023-08-03 16:00:00,99808.0547134324
2023-08-04 00:00:00,99807.4998283248
2023-08-04 08:00:00,99804.81816029709
2023-08-04 16:00:00,99809.46627811459
2023-08-05 00:00:00,99809.22349243352
2023-08-05 08:00:00,99808.38097430636
2023-08-05 16:00:00,99817.78667463471
2023-08-06 00:00:00,99817.78667463471
2023-08-06 08:00:00,99817.78667463471
2023-08-06 16:00:00,99817.78667463471
2023-08-07 00:00:00,99817.78667463471
2023-08-07 08:00:00,99817.78667463471
2023-08-07 16:00:00,99817.78667463471
2023-08-08 00:00:00,99817.78667463471
2023-08-08 08:00:00,99817.78667463471
2023-08-08 16:00:00,99817.78667463471
2023-08-09 00:00:00,99817.78667463471
2023-08-09 08:00:00,99817.78667463471
2023-08-09 16:00:00,99817.78667463471
2023-08-10 00:00:00,99817.78667463471
2023-08-10 08:00:00,99817.78667463471
2023-08-10 16:00:00,99817.78667463471
2023-08-11 00:00:00,99817.78667463471
2023-08-11 08:00:00,99817.78667463471
2023-08-11 16:00:00,99817.78667463471
2023-08-12 00:00:00,99817.78667463471
2023-08-12 08:00:00,99817.78667463471
2023-08-12 16:00:00,99817.78667463471
2023-08-13 00:00:00,99817.78667463471
2023-08-13 08:00:00,99817.78667463471
2023-08-13 16:00:00,99817.78667463471
2023-08-14 00:00:00,99817.78667463471
2023-08-14 08:00:00,99817.78667463471
2023-08-14 16:00:00,99817.78667463471
2023-08-15 00:00:00,99817.78667463471
2023-08-15 08:00:00,99817.78667463471
2023-08-15 16:00:00,99817.78667463471
2023-08-16 00:00:00,99817.78667463471
2023-08-16 08:00:00,99817.78667463471
2023-08-16 16:00:00,99817.78667463471
2023-08-17 00:00:00,99817.78667463471
2023-08-17 08:00:00,99817.78667463471
2023-08-17 16:00:00,99817.78667463471
2023-08-18 00:00:00,99817.78667463471
2023-08-18 08:00:00,99817.78667463471
2023-08-18 16:00:00,99817.78667463471
2023-08-19 00:00:00,99817.78667463471
2023-08-19 08:00:00,99817.78667463471
2023-08-19 16:00:00,99817.78667463471
2023-08-20 00:00:00,99817.78667463471
2023-08-20 08:00:00,99817.78667463471
2023-08-20 16:00:00,99817.78667463471
2023-08-21 00:00:00,99817.78667463471
2023-08-21 08:00:00,99817.78667463471
2023-08-21 16:00:00,99817.78667463471
2023-08-22 00:00:00,99817.78667463471
2023-08-22 08:00:00,99817.78667463471
2023-08-22 16:00:00,99817.78667463471
2023-08-23 00:00:00,99817.78667463471
2023-08-23 08:00:00,99817.78667463471
2023-08-23 16:00:00,99817.78667463471
2023-08-24 00:00:00,99817.78667463471
2023-08-24 08:00:00,99817.78667463471
2023-08-24 16:00:00,99817.78667463471
2023-08-25 00:00:00,99817.78667463471
2023-08-25 08:00:00,99817.78667463471
2023-08-25 16:00:00,99817.78667463471
2023-08-26 00:00:00,99817.78667463471
2023-08-26 08:00:00,99817.78667463471
2023-08-26 16:00:00,99817.78667463471
2023-08-27 00:00:00,99817.78667463471
2023-08-27 08:00:00,99817.78667463471
2023-08-27 16:00:00,99817.78667463471
2023-08-28 00:00:00,99817.78667463471
2023-08-28 08:00:00,99817.78667463471
2023-08-28 16:00:00,99817.78667463471
2023-08-29 00:00:00,99817.78667463471
2023-08-29 08:00:00,99817.78667463471
2023-08-29 16:00:00,99817.78667463471
2023-08-30 00:00:00,99817.78667463471
2023-08-30 08:00:00,99817.78667463471
2023-08-30 16:00:00,99817.78667463471
2023-08-31 00:00:00,99817.78667463471
2023-08-31 08:00:00,99817.78667463471
2023-08-31 16:00:00,99817.78667463471
2023-09-01 00:00:00,99817.78667463471
2023-09-01 08:00:00,99817.78667463471
2023-09-01 16:00:00,99817.78667463471
2023-09-02 00:00:00,99817.78667463471
2023-09-02 08:00:00,99817.78667463471
2023-09-02 16:00:00,99817.78667463471
2023-09-03 00:00:00,99817.78667463471
2023-09-03 08:00:00,99817.78667463471
2023-09-03 16:00:00,99817.78667463471
2023-09-04 00:00:00,99817.78667463471
2023-09-04 08:00:00,99817.78667463471
2023-09-04 16:00:00,99817.78667463471
2023-09-05 00:00:00,99817.78667463471
2023-09-05 08:00:00,99817.78667463471
2023-09-05 16:00:00,99817.78667463471
2023-09-06 00:00:00,99817.78667463471
2023-09-06 08:00:00,99817.78667463471
2023-09-06 16:00:00,99817.78667463471
2023-09-07 00:00:00,99817.78667463471
2023-09-07 08:00:00,99817.78667463471
2023-09-07 16:00:00,99817.78667463471
2023-09-08 00:00:00,99817.78667463471
2023-09-08 08:00:00,99817.78667463471
2023-09-08 16:00:00,99817.78667463471
2023-09-09 00:00:00,99817.78667463471
2023-09-09 08:00:00,99817.78667463471
2023-09-09 16:00:00,99817.78667463471
2023-09-10 00:00:00,99817.78667463471
2023-09-10 08:00:00,99817.78667463471
2023-09-10 16:00:00,99817.78667463471
2023-09-11 00:00:00,99817.78667463471
2023-09-11 08:00:00,99817.78667463471
2023-09-11 16:00:00,99817.78667463471
2023-09-12 00:00:00,99817.78667463471
2023-09-12 08:00:00,99817.78667463471
2023-09-12 16:00:00,99817.78667463471
2023-09-13 00:00:00,99817.78667463471
2023-09-13 08:00:00,99817.78667463471
2023-09-13 16:00:00,99817.78667463471
2023-09-14 00:00:00,99813.44090934363
2023-09-14 08:00:00,99809.3299261202
2023-09-14 16:00:00,99811.88621090094
2023-09-15 00:00:00,99811.41651513032
2023-09-15 08:00:00,99814.04187226773
2023-09-15 16:00:00,99807.24318071788
2023-09-16 00:00:00,99808.59976157993
2023-09-16 08:00:00,99809.36225997379
2023-09-16 16:00:00,99809.37142402637
2023-09-17 00:00:00,99811.45781183433
2023-09-17 08:00:00,99810.9179090598
2023-09-17 16:00:00,99813.05985315994
2023-09-18 00:00:00,99808.59635738593
2023-09-18 08:00:00,99808.59635738593
2023-09-18 16:00:00,99808.59635738593
2023-09-19 00:00:00,99808.59635738593
2023-09-19 08:00:00,99808.59635738593
2023-09-19 16:00:00,99808.59635738593
2023-09-20 00:00:00,99805.96820026323
2023-09-20 08:00:00,99804.30969512403
2023-09-20 16:00:00,99802.22279026278
2023-09-21 00:00:00,99800.95495245476
2023-09-21 08:00:00,99784.82867601255
2023-09-21 16:00:00,99784.82867601255
2023-09-22 00:00:00,99784.82867601255
2023-09-22 08:00:00,99784.82867601255
2023-09-22 16:00:00,99784.82867601255
2023-09-23 00:00:00,99784.82867601255
2023-09-23 08:00:00,99784.82867601255
2023-09-23 16:00:00,99784.82867601255
2023-09-24 00:00:00,99784.82867601255
2023-09-24 08:00:00,99784.82867601255
2023-09-24 16:00:00,99784.82867601255
2023-09-25 00:00:00,99784.82867601255
2023-09-25 08:00:00,99784.82867601255
2023-09-25 16:00:00,99784.82867601255
2023-09-26 00:00:00,99784.82867601255
2023-09-26 08:00:00,99784.82867601255
2023-09-26 16:00:00,99784.82867601255
2023-09-27 00:00:00,99784.82867601255
2023-09-27 08:00:00,99784.82867601255
2023-09-27 16:00:00,99784.82867601255
2023-09-28 00:00:00,99784.82867601255
2023-09-28 08:00:00,99784.82867601255
2023-09-28 16:00:00,99784.82867601255
2023-09-29 00:00:00,99784.82867601255
2023-09-29 08:00:00,99784.82867601255
2023-09-29 16:00:00,99784.82867601255
2023-09-30 00:00:00,99784.82867601255
2023-09-30 08:00:00,99784.82867601255
2023-09-30 16:00:00,99784.82867601255
2023-10-01 00:00:00,99784.82867601255
2023-10-01 08:00:00,99784.82867601255
2023-10-01 16:00:00,99784.82867601255
2023-10-02 00:00:00,99784.82867601255
2023-10-02 08:00:00,99784.82867601255
2023-10-02 16:00:00,99784.82867601255
2023-10-03 00:00:00,99784.82867601255
2023-10-03 08:00:00,99784.82867601255
2023-10-03 16:00:00,99784.82867601255
2023-10-04 00:00:00,99781.23476410047
2023-10-04 08:00:00,99777.48746822291
2023-10-04 16:00:00,99781.72154568303
2023-10-05 00:00:00,99778.57182036978
2023-10-05 08:00:00,99773.09283363324
2023-10-05 16:00:00,99771.1897794018
2023-10-06 00:00:00,99777.1064624225
2023-10-06 08:00:00,99780.7233932418
2023-10-06 16:00:00,99781.38265960368
2023-10-07 00:00:00,99778.8552505144
2023-10-07 08:00:00,99779.41330462537
2023-10-07 16:00:00,99777.9968747399
2023-10-08 00:00:00,99772.51019237624
2023-10-08 08:00:00,99772.51019237624
2023-10-08 16:00:00,99772.51019237624
2023-10-09 00:00:00,99768.83601689889
2023-10-09 08:00:00,99758.255593425
2023-10-09 16:00:00,99745.1564723572
2023-10-10 00:00:00,99745.1564723572
2023-10-10 08:00:00,99745.1564723572
2023-10-10 16:00:00,99745.1564723572
2023-10-11 00:00:00,99745.1564723572
2023-10-11 08:00:00,99745.1564723572
2023-10-11 16:00:00,99745.1564723572
2023-10-12 00:00:00,99745.1564723572
2023-10-12 08:00:00,99745.1564723572
2023-10-12 16:00:00,99745.1564723572
2023-10-13 00:00:00,99745.1564723572
2023-10-13 08:00:00,99745.1564723572
2023-10-13 16:00:00,99745.1564723572
2023-10-14 00:00:00,99745.1564723572
2023-10-14 08:00:00,99745.1564723572
2023-10-14 16:00:00,99745.1564723572
2023-10-15 00:00:00,99745.1564723572
2023-10-15 08:00:00,99745.1564723572
2023-10-15 16:00:00,99745.1564723572
2023-10-16 00:00:00,99745.1564723572
2023-10-16 08:00:00,99745.1564723572
2023-10-16 16:00:00,99745.1564723572
2023-10-17 00:00:00,99745.1564723572
2023-10-17 08:00:00,99745.1564723572
2023-10-17 16:00:00,99745.1564723572
2023-10-18 00:00:00,99745.1564723572
2023-10-18 08:00:00,99745.1564723572
2023-10-18 16:00:00,99745.1564723572
2023-10-19 00:00:00,99745.1564723572
2023-10-19 08:00:00,99745.1564723572
2023-10-19 16:00:00,99745.1564723572
2023-10-20 00:00:00,99745.1564723572
2023-10-20 08:00:00,99745.1564723572
2023-10-20 16:00:00,99745.1564723572
2023-10-21 00:00:00,99745.1564723572
2023-10-21 08:00:00,99745.1564723572
2023-10-21 16:00:00,99745.1564723572
2023-10-22 00:00:00,99745.1564723572
2023-10-22 08:00:00,99745.1564723572
2023-10-22 16:00:00,99745.1564723572
2023-10-23 00:00:00,99745.1564723572
2023-10-23 08:00:00,99745.1564723572
2023-10-23 16:00:00,99745.1564723572
2023-10-24 00:00:00,99745.1564723572
2023-10-24 08:00:00,99745.1564723572
2023-10-24 16:00:00,99745.1564723572
2023-10-25 00:00:00,99745.1564723572
2023-10-25 08:00:00,99745.1564723572
2023-10-25 16:00:00,99745.1564723572
2023-10-26 00:00:00,99745.1564723572
2023-10-26 08:00:00,99745.1564723572
2023-10-26 16:00:00,99745.1564723572
2023-10-27 00:00:00,99745.1564723572
2023-10-27 08:00:00,99745.1564723572
2023-10-27 16:00:00,99745.1564723572
2023-10-28 00:00:00,99745.1564723572
2023-10-28 08:00:00,99745.1564723572
2023-10-28 16:00:00,99741.08898005783
2023-10-29 00:00:00,99742.97235965624
2023-10-29 08:00:00,99745.53099029507
2023-10-29 16:00:00,99746.32945754954
2023-10-30 00:00:00,99744.06008397556
2023-10-30 08:00:00,99753.41325211003
2023-10-30 16:00:00,99750.39189892092
2023-10-31 00:00:00,99745.27984359543
2023-10-31 08:00:00,99745.55826571127
2023-10-31 16:00:00,99752.07250895444
2023-11-01 00:00:00,99749.26235154213
2023-11-01 08:00:00,99745.8092714636
2023-11-01 16:00:00,99765.26370362511
2023-11-02 00:00:00,99765.26370362511
2023-11-02 08:00:00,99765.26370362511
2023-11-02 16:00:00,99764.4809641441
2023-11-03 00:00:00,99763.9435474652
2023-11-03 08:00:00,99767.8398398889
2023-11-03 16:00:00,99773.26083858385
2023-11-04 00:00:00,99773.60929825858
2023-11-04 08:00:00,99773.13049897522
2023-11-04 16:00:00,99779.68488255149
2023-11-05 00:00:00,99787.67605219816
2023-11-05 08:00:00,99784.79218354498
2023-11-05 16:00:00,99789.47031915306
2023-11-06 00:00:00,99785.91373509025
2023-11-06 08:00:00,99813.35535567529
2023-11-06 16:00:00,99813.35535567529
2023-11-07 00:00:00,99813.35535567529
2023-11-07 08:00:00,99813.35535567529
2023-11-07 16:00:00,99813.35535567529
2023-11-08 00:00:00,99813.35535567529
2023-11-08 08:00:00,99813.35535567529
2023-11-08 16:00:00,99813.35535567529
2023-11-09 00:00:00,99813.35535567529
2023-11-09 08:00:00,99813.35535567529
2023-11-09 16:00:00,99813.35535567529
2023-11-10 00:00:00,99813.35535567529
2023-11-10 08:00:00,99813.35535567529
2023-11-10 16:00:00,99813.35535567529
2023-11-11 00:00:00,99813.35535567529
2023-11-11 08:00:00,99813.35535567529
2023-11-11 16:00:00,99813.35535567529
2023-11-12 00:00:00,99813.35535567529
2023-11-12 08:00:00,99813.35535567529
2023-11-12 16:00:00,99813.35535567529
2023-11-13 00:00:00,99813.35535567529
2023-11-13 08:00:00,99813.35535567529
2023-11-13 16:00:00,99813.35535567529
2023-11-14 00:00:00,99813.35535567529
2023-11-14 08:00:00,99813.35535567529
2023-11-14 16:00:00,99813.35535567529
2023-11-15 00:00:00,99813.35535567529
2023-11-15 08:00:00,99813.35535567529
2023-11-15 16:00:00,99813.35535567529
2023-11-16 00:00:00,99813.35535567529
2023-11-16 08:00:00,99813.35535567529
2023-11-16 16:00:00,99813.35535567529
2023-11-17 00:00:00,99813.35535567529
2023-11-17 08:00:00,99813.35535567529
2023-11-17 16:00:00,99813.35535567529
2023-11-18 00:00:00,99813.35535567529
2023-11-18 08:00:00,99813.35535567529
2023-11-18 16:00:00,99813.35535567529
2023-11-19 00:00:00,99813.35535567529
2023-11-19 08:00:00,99813.35535567529
2023-11-19 16:00:00,99801.87835717922
2023-11-20 00:00:00,99799.95914750925
2023-11-20 08:00:00,99794.3002596168
2023-11-20 16:00:00,99799.35564580592
2023-11-21 00:00:00,99803.6784208884
2023-11-21 08:00:00,99807.67327606415
2023-11-21 16:00:00,99821.57420600194
2023-11-22 00:00:00,99805.94868908213
2023-11-22 08:00:00,99795.96293866287
2023-11-22 16:00:00,99788.59307056245
2023-11-23 00:00:00,99787.97903451824
2023-11-23 08:00:00,99793.76412483657
2023-11-23 16:00:00,99780.71382822294
2023-11-24 00:00:00,99780.71382822294
2023-11-24 08:00:00,99780.71382822294
2023-11-24 16:00:00,99772.1610340451
2023-11-25 00:00:00,99773.91326476536
2023-11-25 08:00:00,99771.41231222144
2023-11-25 16:00:00,99772.58143343886
2023-11-26 00:00:00,99774.09512059807
2023-11-26 08:00:00,99768.19948064064
2023-11-26 16:00:00,99767.58816181119
2023-11-27 00:00:00,99763.50692102619
2023-11-27 08:00:00,99744.21071179915
2023-11-27 16:00:00,99744.21071179915
2023-11-28 00:00:00,99744.21071179915
2023-11-28 08:00:00,99744.21071179915
2023-11-28 16:00:00,99744.21071179915
2023-11-29 00:00:00,99744.21071179915
2023-11-29 08:00:00,99744.21071179915
2023-11-29 16:00:00,99744.21071179915
2023-11-30 00:00:00,99744.21071179915
2023-11-30 08:00:00,99744.21071179915
2023-11-30 16:00:00,99744.21071179915
2023-12-01 00:00:00,99744.21071179915
2023-12-01 08:00:00,99744.21071179915
2023-12-01 16:00:00,99744.21071179915
2023-12-02 00:00:00,99744.21071179915
2023-12-02 08:00:00,99744.21071179915
2023-12-02 16:00:00,99744.21071179915
2023-12-03 00:00:00,99744.21071179915
2023-12-03 08:00:00,99744.21071179915
2023-12-03 16:00:00,99744.21071179915
2023-12-04 00:00:00,99744.21071179915
2023-12-04 08:00:00,99744.21071179915
2023-12-04 16:00:00,99744.21071179915
2023-12-05 00:00:00,99744.21071179915
2023-12-05 08:00:00,99744.21071179915
2023-12-05 16:00:00,99744.21071179915
2023-12-06 00:00:00,99744.21071179915
2023-12-06 08:00:00,99744.21071179915
2023-12-06 16:00:00,99744.21071179915
2023-12-07 00:00:00,99744.21071179915
2023-12-07 08:00:00,99744.21071179915
2023-12-07 16:00:00,99744.21071179915
2023-12-08 00:00:00,99744.21071179915
2023-12-08 08:00:00,99744.21071179915
2023-12-08 16:00:00,99744.21071179915
2023-12-09 00:00:00,99744.21071179915
2023-12-09 08:00:00,99744.21071179915
2023-12-09 16:00:00,99744.21071179915
2023-12-10 00:00:00,99744.21071179915
2023-12-10 08:00:00,99744.21071179915
2023-12-10 16:00:00,99744.21071179915
2023-12-11 00:00:00,99744.21071179915
2023-12-11 08:00:00,99744.21071179915
2023-12-11 16:00:00,99744.21071179915
2023-12-12 00:00:00,99744.21071179915
2023-12-12 08:00:00,99744.21071179915
2023-12-12 16:00:00,99744.21071179915
2023-12-13 00:00:00,99744.21071179915
2023-12-13 08:00:00,99744.21071179915
2023-12-13 16:00:00,99744.21071179915
2023-12-14 00:00:00,99744.21071179915
2023-12-14 08:00:00,99744.21071179915
2023-12-14 16:00:00,99744.21071179915
2023-12-15 00:00:00,99744.21071179915
2023-12-15 08:00:00,99744.21071179915
2023-12-15 16:00:00,99744.21071179915
2023-12-16 00:00:00,99744.21071179915
2023-12-16 08:00:00,99744.21071179915
2023-12-16 16:00:00,99744.21071179915
2023-12-17 00:00:00,99744.21071179915
2023-12-17 08:00:00,99744.21071179915
2023-12-17 16:00:00,99738.46439019984
2023-12-18 00:00:00,99732.13864646095
2023-12-18 08:00:00,99728.94912989586
2023-12-18 16:00:00,99743.82172509602
2023-12-19 00:00:00,99750.13073024862
2023-12-19 08:00:00,99737.77159247598
2023-12-19 16:00:00,99734.62643119929
2023-12-20 00:00:00,99743.47613887543
2023-12-20 08:00:00,99750.5419145706
2023-12-20 16:00:00,99740.52743223567
2023-12-21 00:00:00,99743.43735120565
2023-12-21 08:00:00,99747.41708200518
2023-12-21 16:00:00,99756.67112431134
2023-12-22 00:00:00,99756.67112431134
2023-12-22 08:00:00,99756.67112431134
2023-12-22 16:00:00,99756.67112431134
2023-12-23 00:00:00,99756.67112431134
2023-12-23 08:00:00,99756.67112431134
2023-12-23 16:00:00,99756.67112431134
2023-12-24 00:00:00,99756.67112431134
2023-12-24 08:00:00,99756.67112431134
2023-12-24 16:00:00,99756.67112431134
2023-12-25 00:00:00,99756.67112431134
2023-12-25 08:00:00,99756.67112431134
2023-12-25 16:00:00,99756.67112431134
2023-12-26 00:00:00,99749.9631007215
2023-12-26 08:00:00,99747.32534249994
2023-12-26 16:00:00,99747.72779467874
2023-12-27 00:00:00,99747.28321838932
2023-12-27 08:00:00,99772.89923481089
2023-12-27 16:00:00,99802.95768380021
2023-12-28 00:00:00,99802.95768380021
2023-12-28 08:00:00,99802.95768380021
2023-12-28 16:00:00,99802.95768380021
2023-12-29 00:00:00,99802.95768380021
2023-12-29 08:00:00,99802.95768380021
2023-12-29 16:00:00,99802.95768380021
2023-12-30 00:00:00,99802.95768380021
2023-12-30 08:00:00,99802.95768380021
2023-12-30 16:00:00,99802.95768380021
2023-12-31 00:00:00,99802.95768380021
2023-12-31 08:00:00,99802.95768380021
2023-12-31 16:00:00,99802.95768380021
2024-01-01 00:00:00,99802.95768380021
2024-01-01 08:00:00,99802.95768380021
2024-01-01 16:00:00,99802.95768380021
2024-01-02 00:00:00,99802.95768380021
2024-01-02 08:00:00,99802.95768380021
2024-01-02 16:00:00,99802.95768380021
2024-01-03 00:00:00,99802.95768380021
2024-01-03 08:00:00,99777.23418339416
2024-01-03 16:00:00,99770.4154653929
2024-01-04 00:00:00,99773.259097591
2024-01-04 08:00:00,99785.57260041081
2024-01-04 16:00:00,99783.38007413235
2024-01-05 00:00:00,99779.97894298182
2024-01-05 08:00:00,99773.96305712702
2024-01-05 16:00:00,99783.76007178528
2024-01-06 00:00:00,99775.87915443443
2024-01-06 08:00:00,99778.82360827921
2024-01-06 16:00:00,99777.5110037225
2024-01-07 00:00:00,99779.41048007643
2024-01-07 08:00:00,99776.33626335836
2024-01-07 16:00:00,99776.33626335836
2024-01-08 00:00:00,99776.33626335836
2024-01-08 08:00:00,99776.33626335836
2024-01-08 16:00:00,99776.33626335836
2024-01-09 00:00:00,99776.33626335836
2024-01-09 08:00:00,99776.33626335836
2024-01-09 16:00:00,99776.33626335836
2024-01-10 00:00:00,99776.33626335836
2024-01-10 08:00:00,99776.33626335836
2024-01-10 16:00:00,99776.33626335836
2024-01-11 00:00:00,99776.33626335836
2024-01-11 08:00:00,99776.33626335836
2024-01-11 16:00:00,99776.33626335836
2024-01-12 00:00:00,99776.33626335836
2024-01-12 08:00:00,99776.33626335836
2024-01-12 16:00:00,99776.33626335836
2024-01-13 00:00:00,99776.33626335836
2024-01-13 08:00:00,99776.33626335836
2024-01-13 16:00:00,99776.33626335836
2024-01-14 00:00:00,99776.33626335836
2024-01-14 08:00:00,99776.33626335836
2024-01-14 16:00:00,99776.33626335836
2024-01-15 00:00:00,99776.33626335836
2024-01-15 08:00:00,99776.33626335836
2024-01-15 16:00:00,99776.33626335836
2024-01-16 00:00:00,99776.33626335836
2024-01-16 08:00:00,99776.33626335836
2024-01-16 16:00:00,99776.33626335836
2024-01-17 00:00:00,99776.33626335836
2024-01-17 08:00:00,99776.33626335836
2024-01-17 16:00:00,99776.33626335836
2024-01-18 00:00:00,99776.33626335836
2024-01-18 08:00:00,99776.33626335836
2024-01-18 16:00:00,99776.33626335836
2024-01-19 00:00:00,99776.33626335836
2024-01-19 08:00:00,99776.33626335836
2024-01-19 16:00:00,99776.33626335836
2024-01-20 00:00:00,99776.33626335836
2024-01-20 08:00:00,99776.33626335836
2024-01-20 16:00:00,99776.33626335836
2024-01-21 00:00:00,99776.33626335836
2024-01-21 08:00:00,99776.33626335836
2024-01-21 16:00:00,99776.33626335836
2024-01-22 00:00:00,99776.33626335836
2024-01-22 08:00:00,99776.33626335836
2024-01-22 16:00:00,99776.33626335836
2024-01-23 00:00:00,99776.33626335836
2024-01-23 08:00:00,99776.33626335836
2024-01-23 16:00:00,99776.33626335836
2024-01-24 00:00:00,99776.33626335836
2024-01-24 08:00:00,99776.33626335836
2024-01-24 16:00:00,99776.33626335836
2024-01-25 00:00:00,99776.33626335836
2024-01-25 08:00:00,99776.33626335836
2024-01-25 16:00:00,99769.40130149183
2024-01-26 00:00:00,99774.13108415692
2024-01-26 08:00:00,99760.59089636238
2024-01-26 16:00:00,99758.3583938408
2024-01-27 00:00:00,99760.32124006105
2024-01-27 08:00:00,99757.78282635956
2024-01-27 16:00:00,99758.28836531777
2024-01-28 00:00:00,99755.02101393505
2024-01-28 08:00:00,99757.79266678201
2024-01-28 16:00:00,99760.68539482122
2024-01-29 00:00:00,99760.13264279666
2024-01-29 08:00:00,99756.4907464334
2024-01-29 16:00:00,99733.74178878547
2024-01-30 00:00:00,99733.74178878547
2024-01-30 08:00:00,99733.74178878547
2024-01-30 16:00:00,99733.74178878547
2024-01-31 00:00:00,99733.74178878547
2024-01-31 08:00:00,99733.74178878547
2024-01-31 16:00:00,99733.74178878547
2024-02-01 00:00:00,99733.74178878547
2024-02-01 08:00:00,99733.74178878547
2024-02-01 16:00:00,99733.74178878547
2024-02-02 00:00:00,99733.74178878547
2024-02-02 08:00:00,99733.74178878547
2024-02-02 16:00:00,99733.74178878547
2024-02-03 00:00:00,99733.74178878547
2024-02-03 08:00:00,99733.74178878547
2024-02-03 16:00:00,99733.74178878547
2024-02-04 00:00:00,99733.74178878547
2024-02-04 08:00:00,99733.74178878547
2024-02-04 16:00:00,99733.74178878547
2024-02-05 00:00:00,99733.74178878547
2024-02-05 08:00:00,99733.74178878547
2024-02-05 16:00:00,99733.74178878547
2024-02-06 00:00:00,99733.74178878547
2024-02-06 08:00:00,99733.74178878547
2024-02-06 16:00:00,99733.74178878547
2024-02-07 00:00:00,99733.74178878547
2024-02-07 08:00:00,99733.74178878547
2024-02-07 16:00:00,99733.74178878547
2024-02-08 00:00:00,99733.74178878547
2024-02-08 08:00:00,99733.74178878547
2024-02-08 16:00:00,99733.74178878547
2024-02-09 00:00:00,99733.74178878547
2024-02-09 08:00:00,99733.74178878547
2024-02-09 16:00:00,99733.74178878547
2024-02-10 00:00:00,99733.74178878547
2024-02-10 08:00:00,99733.74178878547
2024-02-10 16:00:00,99733.74178878547
2024-02-11 00:00:00,99728.20878490462
2024-02-11 08:00:00,99732.01529546776
2024-02-11 16:00:00,99732.32153420927
2024-02-12 00:00:00,99733.35821549731
2024-02-12 08:00:00,99722.1043204086
2024-02-12 16:00:00,99695.06922946953
2024-02-13 00:00:00,99695.06922946953
2024-02-13 08:00:00,99695.06922946953
2024-02-13 16:00:00,99695.06922946953
2024-02-14 00:00:00,99695.06922946953
2024-02-14 08:00:00,99695.06922946953
2024-02-14 16:00:00,99695.06922946953
2024-02-15 00:00:00,99695.06922946953
2024-02-15 08:00:00,99695.06922946953
2024-02-15 16:00:00,99695.06922946953
2024-02-16 00:00:00,99695.06922946953
2024-02-16 08:00:00,99695.06922946953
2024-02-16 16:00:00,99695.06922946953
2024-02-17 00:00:00,99695.06922946953
2024-02-17 08:00:00,99695.06922946953
2024-02-17 16:00:00,99695.06922946953
2024-02-18 00:00:00,99695.06922946953
2024-02-18 08:00:00,99695.06922946953
2024-02-18 16:00:00,99695.06922946953
2024-02-19 00:00:00,99695.06922946953
2024-02-19 08:00:00,99695.06922946953
2024-02-19 16:00:00,99695.06922946953
2024-02-20 00:00:00,99695.06922946953
2024-02-20 08:00:00,99695.06922946953
2024-02-20 16:00:00,99695.06922946953
2024-02-21 00:00:00,99695.06922946953
2024-02-21 08:00:00,99695.06922946953
2024-02-21 16:00:00,99695.06922946953
2024-02-22 00:00:00,99695.06922946953
2024-02-22 08:00:00,99695.06922946953
2024-02-22 16:00:00,99695.06922946953
2024-02-23 00:00:00,99695.06922946953
2024-02-23 08:00:00,99695.06922946953
2024-02-23 16:00:00,99695.06922946953
2024-02-24 00:00:00,99695.06922946953
2024-02-24 08:00:00,99695.06922946953
2024-02-24 16:00:00,99695.06922946953
2024-02-25 00:00:00,99695.06922946953
2024-02-25 08:00:00,99695.06922946953
2024-02-25 16:00:00,99695.06922946953
2024-02-26 00:00:00,99695.06922946953
2024-02-26 08:00:00,99695.06922946953
2024-02-26 16:00:00,99695.06922946953
2024-02-27 00:00:00,99695.06922946953
2024-02-27 08:00:00,99695.06922946953
2024-02-27 16:00:00,99695.06922946953
2024-02-28 00:00:00,99695.06922946953
2024-02-28 08:00:00,99695.06922946953
2024-02-28 16:00:00,99695.06922946953
2024-02-29 00:00:00,99695.06922946953
2024-02-29 08:00:00,99695.06922946953
2024-02-29 16:00:00,99695.06922946953
2024-03-01 00:00:00,99695.06922946953
2024-03-01 08:00:00,99695.06922946953
2024-03-01 16:00:00,99695.06922946953
2024-03-02 00:00:00,99695.06922946953
2024-03-02 08:00:00,99695.06922946953
2024-03-02 16:00:00,99695.06922946953
2024-03-03 00:00:00,99695.06922946953
2024-03-03 08:00:00,99695.06922946953
2024-03-03 16:00:00,99695.06922946953
2024-03-04 00:00:00,99695.06922946953
2024-03-04 08:00:00,99695.06922946953
2024-03-04 16:00:00,99695.06922946953
2024-03-05 00:00:00,99695.06922946953
2024-03-05 08:00:00,99695.06922946953
2024-03-05 16:00:00,99695.06922946953
2024-03-06 00:00:00,99695.06922946953
2024-03-06 08:00:00,99695.06922946953
2024-03-06 16:00:00,99695.06922946953
2024-03-07 00:00:00,99695.06922946953
2024-03-07 08:00:00,99695.06922946953
2024-03-07 16:00:00,99695.06922946953
2024-03-08 00:00:00,99695.06922946953
2024-03-08 08:00:00,99695.06922946953
2024-03-08 16:00:00,99695.06922946953
2024-03-09 00:00:00,99695.06922946953
2024-03-09 08:00:00,99695.06922946953
2024-03-09 16:00:00,99695.06922946953
2024-03-10 00:00:00,99695.06922946953
2024-03-10 08:00:00,99695.06922946953
2024-03-10 16:00:00,99695.06922946953
2024-03-11 00:00:00,99695.06922946953
2024-03-11 08:00:00,99695.06922946953
2024-03-11 16:00:00,99695.06922946953
2024-03-12 00:00:00,99695.06922946953
2024-03-12 08:00:00,99695.06922946953
2024-03-12 16:00:00,99695.06922946953
2024-03-13 00:00:00,99695.06922946953
2024-03-13 08:00:00,99695.06922946953
2024-03-13 16:00:00,99695.06922946953
2024-03-14 00:00:00,99695.06922946953
2024-03-14 08:00:00,99695.06922946953
2024-03-14 16:00:00,99695.06922946953
2024-03-15 00:00:00,99695.06922946953
2024-03-15 08:00:00,99695.06922946953
2024-03-15 16:00:00,99695.06922946953
2024-03-16 00:00:00,99695.06922946953
2024-03-16 08:00:00,99695.06922946953
2024-03-16 16:00:00,99695.06922946953
2024-03-17 00:00:00,99695.06922946953
2024-03-17 08:00:00,99695.06922946953
2024-03-17 16:00:00,99695.06922946953
2024-03-18 00:00:00,99695.06922946953
2024-03-18 08:00:00,99695.06922946953
2024-03-18 16:00:00,99695.06922946953
2024-03-19 00:00:00,99695.06922946953
2024-03-19 08:00:00,99695.06922946953
2024-03-19 16:00:00,99695.06922946953
2024-03-20 00:00:00,99695.06922946953
2024-03-20 08:00:00,99695.06922946953
2024-03-20 16:00:00,99695.06922946953
2024-03-21 00:00:00,99695.06922946953
2024-03-21 08:00:00,99695.06922946953
2024-03-21 16:00:00,99695.06922946953
2024-03-22 00:00:00,99692.30813049225
2024-03-22 08:00:00,99715.47025624597
2024-03-22 16:00:00,99717.28680294377
2024-03-23 00:00:00,99713.01469815876
2024-03-23 08:00:00,99707.09873391804
2024-03-23 16:00:00,99718.30695683643
2024-03-24 00:00:00,99716.31017180327
2024-03-24 08:00:00,99708.01513921356
2024-03-24 16:00:00,99699.62485493462
2024-03-25 00:00:00,99701.13167133846
2024-03-25 08:00:00,99681.20567682433
2024-03-25 16:00:00,99680.02935138797
2024-03-26 00:00:00,99661.93312235844
2024-03-26 08:00:00,99661.93312235844
2024-03-26 16:00:00,99661.93312235844
2024-03-27 00:00:00,99661.93312235844
2024-03-27 08:00:00,99661.93312235844
2024-03-27 16:00:00,99661.93312235844
2024-03-28 00:00:00,99661.93312235844
2024-03-28 08:00:00,99661.93312235844
2024-03-28 16:00:00,99661.93312235844
2024-03-29 00:00:00,99661.93312235844
2024-03-29 08:00:00,99661.93312235844
2024-03-29 16:00:00,99661.93312235844
2024-03-30 00:00:00,99661.93312235844
2024-03-30 08:00:00,99661.93312235844
2024-03-30 16:00:00,99657.52571901031
2024-03-31 00:00:00,99674.78214446921
2024-03-31 08:00:00,99673.52871727299
2024-03-31 16:00:00,99677.34797972508
2024-04-01 00:00:00,99663.67536149717
2024-04-01 08:00:00,99649.26092085025
2024-04-01 16:00:00,99658.00543237725
2024-04-02 00:00:00,99636.97973200987
2024-04-02 08:00:00,99636.97973200987
2024-04-02 16:00:00,99636.97973200987
2024-04-03 00:00:00,99636.97973200987
2024-04-03 08:00:00,99636.97973200987
2024-04-03 16:00:00,99636.97973200987
2024-04-04 00:00:00,99636.97973200987
2024-04-04 08:00:00,99636.97973200987
2024-04-04 16:00:00,99636.97973200987
2024-04-05 00:00:00,99636.97973200987
2024-04-05 08:00:00,99636.97973200987
2024-04-05 16:00:00,99636.97973200987
2024-04-06 00:00:00,99636.97973200987
2024-04-06 08:00:00,99636.97973200987
2024-04-06 16:00:00,99636.97973200987
2024-04-07 00:00:00,99636.97973200987
2024-04-07 08:00:00,99636.97973200987
2024-04-07 16:00:00,99636.97973200987
2024-04-08 00:00:00,99634.07220351414
2024-04-08 08:00:00,99611.19104347167
2024-04-08 16:00:00,99611.19104347167
2024-04-09 00:00:00,99611.19104347167
2024-04-09 08:00:00,99611.19104347167
2024-04-09 16:00:00,99611.19104347167
2024-04-10 00:00:00,99611.19104347167
2024-04-10 08:00:00,99611.19104347167
2024-04-10 16:00:00,99601.66796316921
2024-04-11 00:00:00,99596.36591025662
2024-04-11 08:00:00,99606.84802769263
2024-04-11 16:00:00,99607.62985549116
2024-04-12 00:00:00,99605.58905917803
2024-04-12 08:00:00,99616.39800037153
2024-04-12 16:00:00,99645.93201882341
2024-04-13 00:00:00,99642.81644873513
2024-04-13 08:00:00,99640.58877717008
2024-04-13 16:00:00,99716.13047206748
2024-04-14 00:00:00,99716.13047206748
2024-04-14 08:00:00,99716.13047206748
2024-04-14 16:00:00,99716.13047206748
2024-04-15 00:00:00,99716.13047206748
2024-04-15 08:00:00,99716.13047206748
2024-04-15 16:00:00,99716.13047206748
2024-04-16 00:00:00,99716.13047206748
2024-04-16 08:00:00,99716.13047206748
2024-04-16 16:00:00,99716.13047206748
2024-04-17 00:00:00,99716.13047206748
2024-04-17 08:00:00,99716.13047206748
2024-04-17 16:00:00,99716.13047206748
2024-04-18 00:00:00,99716.13047206748
2024-04-18 08:00:00,99716.13047206748
2024-04-18 16:00:00,99716.13047206748
2024-04-19 00:00:00,99716.13047206748
2024-04-19 08:00:00,99716.13047206748
2024-04-19 16:00:00,99716.13047206748
2024-04-20 00:00:00,99716.13047206748
2024-04-20 08:00:00,99716.13047206748
2024-04-20 16:00:00,99716.13047206748
2024-04-21 00:00:00,99716.13047206748
2024-04-21 08:00:00,99716.13047206748
2024-04-21 16:00:00,99716.13047206748
2024-04-22 00:00:00,99716.13047206748
2024-04-22 08:00:00,99716.13047206748
2024-04-22 16:00:00,99716.13047206748
2024-04-23 00:00:00,99716.13047206748
2024-04-23 08:00:00,99716.13047206748
2024-04-23 16:00:00,99716.13047206748
2024-04-24 00:00:00,99716.13047206748
2024-04-24 08:00:00,99716.13047206748
2024-04-24 16:00:00,99710.51425455081
2024-04-25 00:00:00,99709.90274603193
2024-04-25 08:00:00,99713.6939608069
2024-04-25 16:00:00,99713.00107274947
2024-04-26 00:00:00,99709.6883064542
2024-04-26 08:00:00,99706.97717842922
2024-04-26 16:00:00,99709.14316344899
2024-04-27 00:00:00,99707.41337396989
2024-04-27 08:00:00,99711.27812629647
2024-04-27 16:00:00,99728.8314097092
2024-04-28 00:00:00,99738.37837264496
2024-04-28 08:00:00,99738.82499337212
2024-04-28 16:00:00,99757.83851986766
2024-04-29 00:00:00,99757.83851986766
2024-04-29 08:00:00,99757.83851986766
2024-04-29 16:00:00,99757.83851986766
2024-04-30 00:00:00,99757.83851986766
2024-04-30 08:00:00,99757.83851986766
2024-04-30 16:00:00,99757.83851986766
2024-05-01 00:00:00,99757.83851986766
2024-05-01 08:00:00,99757.83851986766
2024-05-01 16:00:00,99757.83851986766
2024-05-02 00:00:00,99757.83851986766
2024-05-02 08:00:00,99757.83851986766
2024-05-02 16:00:00,99757.83851986766
2024-05-03 00:00:00,99757.83851986766
2024-05-03 08:00:00,99739.97486080317
2024-05-03 16:00:00,99735.6418244732
2024-05-04 00:00:00,99736.61318258799
2024-05-04 08:00:00,99731.70819306483
2024-05-04 16:00:00,99733.26708439291
2024-05-05 00:00:00,99735.10459459385
2024-05-05 08:00:00,99726.25401096877
2024-05-05 16:00:00,99730.01536578694
2024-05-06 00:00:00,99723.03957051458
2024-05-06 08:00:00,99737.28235813278
2024-05-06 16:00:00,99741.60831488292
2024-05-07 00:00:00,99739.21536334585
2024-05-07 08:00:00,99739.25284617694
2024-05-07 16:00:00,99739.25284617694
2024-05-08 00:00:00,99739.25284617694
2024-05-08 08:00:00,99739.25284617694
2024-05-08 16:00:00,99739.25284617694
2024-05-09 00:00:00,99739.25284617694
2024-05-09 08:00:00,99739.25284617694
2024-05-09 16:00:00,99734.28550064928
2024-05-10 00:00:00,99733.35873341931
2024-05-10 08:00:00,99753.59151134148
2024-05-10 16:00:00,99754.99016747213
2024-05-11 00:00:00,99752.92397699905
2024-05-11 08:00:00,99752.30925118455
2024-05-11 16:00:00,99754.5655737207
2024-05-12 00:00:00,99755.3759401504
2024-05-12 08:00:00,99750.17973988572
2024-05-12 16:00:00,99751.72346598034
2024-05-13 00:00:00,99747.40321837025
2024-05-13 08:00:00,99746.20243539906
2024-05-13 16:00:00,99759.57943730976
2024-05-14 00:00:00,99759.57943730976
2024-05-14 08:00:00,99759.57943730976
2024-05-14 16:00:00,99759.57943730976
2024-05-15 00:00:00,99759.57943730976
2024-05-15 08:00:00,99759.57943730976
2024-05-15 16:00:00,99759.57943730976
2024-05-16 00:00:00,99759.57943730976
2024-05-16 08:00:00,99759.57943730976
2024-05-16 16:00:00,99759.57943730976
2024-05-17 00:00:00,99745.9605440507
2024-05-17 08:00:00,99731.73058483656
2024-05-17 16:00:00,99734.8365282445
2024-05-18 00:00:00,99733.25844538804
2024-05-18 08:00:00,99731.81082595288
2024-05-18 16:00:00,99715.04829393893
2024-05-19 00:00:00,99715.04829393893
2024-05-19 08:00:00,99715.04829393893
2024-05-19 16:00:00,99715.04829393893
2024-05-20 00:00:00,99715.04829393893
2024-05-20 08:00:00,99715.04829393893
2024-05-20 16:00:00,99715.04829393893
2024-05-21 00:00:00,99715.04829393893
2024-05-21 08:00:00,99715.04829393893
2024-05-21 16:00:00,99715.04829393893
2024-05-22 00:00:00,99715.04829393893
2024-05-22 08:00:00,99715.04829393893
2024-05-22 16:00:00,99715.04829393893
2024-05-23 00:00:00,99715.04829393893
2024-05-23 08:00:00,99715.04829393893
2024-05-23 16:00:00,99715.04829393893
2024-05-24 00:00:00,99715.04829393893
2024-05-24 08:00:00,99715.04829393893
2024-05-24 16:00:00,99715.04829393893
2024-05-25 00:00:00,99715.04829393893
2024-05-25 08:00:00,99715.04829393893
2024-05-25 16:00:00,99715.04829393893
2024-05-26 00:00:00,99715.04829393893
2024-05-26 08:00:00,99715.04829393893
2024-05-26 16:00:00,99715.04829393893
2024-05-27 00:00:00,99715.04829393893
2024-05-27 08:00:00,99715.04829393893
2024-05-27 16:00:00,99715.04829393893
2024-05-28 00:00:00,99715.04829393893
2024-05-28 08:00:00,99715.04829393893
2024-05-28 16:00:00,99715.04829393893
2024-05-29 00:00:00,99715.04829393893
2024-05-29 08:00:00,99715.04829393893
2024-05-29 16:00:00,99715.04829393893
2024-05-30 00:00:00,99715.04829393893
2024-05-30 08:00:00,99715.04829393893
2024-05-30 16:00:00,99715.04829393893
2024-05-31 00:00:00,99715.04829393893
2024-05-31 08:00:00,99715.04829393893
2024-05-31 16:00:00,99715.04829393893
2024-06-01 00:00:00,99715.04829393893
2024-06-01 08:00:00,99715.04829393893
2024-06-01 16:00:00,99715.04829393893
2024-06-02 00:00:00,99715.04829393893
2024-06-02 08:00:00,99715.04829393893
2024-06-02 16:00:00,99715.04829393893
2024-06-03 00:00:00,99715.04829393893
2024-06-03 08:00:00,99715.04829393893
2024-06-03 16:00:00,99715.04829393893
2024-06-04 00:00:00,99715.04829393893
2024-06-04 08:00:00,99715.04829393893
2024-06-04 16:00:00,99715.04829393893
2024-06-05 00:00:00,99715.04829393893
2024-06-05 08:00:00,99715.04829393893
2024-06-05 16:00:00,99715.04829393893
2024-06-06 00:00:00,99715.04829393893
2024-06-06 08:00:00,99715.04829393893
2024-06-06 16:00:00,99715.04829393893
2024-06-07 00:00:00,99715.04829393893
2024-06-07 08:00:00,99715.04829393893
2024-06-07 16:00:00,99715.04829393893
2024-06-08 00:00:00,99715.04829393893
2024-06-08 08:00:00,99715.04829393893
2024-06-08 16:00:00,99715.04829393893
2024-06-09 00:00:00,99715.04829393893
2024-06-09 08:00:00,99715.04829393893
2024-06-09 16:00:00,99715.04829393893
2024-06-10 00:00:00,99715.04829393893
2024-06-10 08:00:00,99715.04829393893
2024-06-10 16:00:00,99715.04829393893
2024-06-11 00:00:00,99715.04829393893
2024-06-11 08:00:00,99715.04829393893
2024-06-11 16:00:00,99715.04829393893
2024-06-12 00:00:00,99715.04829393893
2024-06-12 08:00:00,99715.04829393893
2024-06-12 16:00:00,99715.04829393893
2024-06-13 00:00:00,99715.04829393893
2024-06-13 08:00:00,99715.04829393893
2024-06-13 16:00:00,99715.04829393893
2024-06-14 00:00:00,99715.04829393893
2024-06-14 08:00:00,99715.04829393893
2024-06-14 16:00:00,99715.04829393893
2024-06-15 00:00:00,99715.04829393893
2024-06-15 08:00:00,99715.04829393893
2024-06-15 16:00:00,99715.04829393893
2024-06-16 00:00:00,99715.04829393893
2024-06-16 08:00:00,99715.04829393893
2024-06-16 16:00:00,99715.04829393893
2024-06-17 00:00:00,99715.04829393893
2024-06-17 08:00:00,99715.04829393893
2024-06-17 16:00:00,99715.04829393893
2024-06-18 00:00:00,99715.04829393893
2024-06-18 08:00:00,99715.04829393893
2024-06-18 16:00:00,99715.04829393893
2024-06-19 00:00:00,99715.04829393893
2024-06-19 08:00:00,99715.04829393893
2024-06-19 16:00:00,99715.04829393893
2024-06-20 00:00:00,99715.04829393893
2024-06-20 08:00:00,99715.04829393893
2024-06-20 16:00:00,99715.04829393893
2024-06-21 00:00:00,99715.04829393893
2024-06-21 08:00:00,99715.04829393893
2024-06-21 16:00:00,99715.04829393893
2024-06-22 00:00:00,99715.04829393893
2024-06-22 08:00:00,99715.04829393893
2024-06-22 16:00:00,99715.04829393893
2024-06-23 00:00:00,99715.04829393893
2024-06-23 08:00:00,99715.04829393893
2024-06-23 16:00:00,99715.04829393893
2024-06-24 00:00:00,99715.04829393893
2024-06-24 08:00:00,99715.04829393893
2024-06-24 16:00:00,99715.04829393893
2024-06-25 00:00:00,99715.04829393893
2024-06-25 08:00:00,99715.04829393893
2024-06-25 16:00:00,99715.04829393893
2024-06-26 00:00:00,99715.04829393893
2024-06-26 08:00:00,99715.04829393893
2024-06-26 16:00:00,99715.04829393893
2024-06-27 00:00:00,99715.04829393893
2024-06-27 08:00:00,99715.04829393893
2024-06-27 16:00:00,99715.04829393893
2024-06-28 00:00:00,99715.04829393893
2024-06-28 08:00:00,99715.04829393893
2024-06-28 16:00:00,99715.04829393893
2024-06-29 00:00:00,99715.04829393893
2024-06-29 08:00:00,99715.04829393893
2024-06-29 16:00:00,99715.04829393893
2024-06-30 00:00:00,99715.04829393893
2024-06-30 08:00:00,99715.04829393893
2024-06-30 16:00:00,99715.04829393893
2024-07-01 00:00:00,99715.04829393893
2024-07-01 08:00:00,99715.04829393893
2024-07-01 16:00:00,99715.04829393893
2024-07-02 00:00:00,99715.04829393893
2024-07-02 08:00:00,99715.04829393893
2024-07-02 16:00:00,99715.04829393893
2024-07-03 00:00:00,99715.04829393893
2024-07-03 08:00:00,99715.04829393893
2024-07-03 16:00:00,99715.04829393893
2024-07-04 00:00:00,99715.04829393893
2024-07-04 08:00:00,99715.04829393893
2024-07-04 16:00:00,99715.04829393893
2024-07-05 00:00:00,99715.04829393893
2024-07-05 08:00:00,99715.04829393893
2024-07-05 16:00:00,99715.04829393893
2024-07-06 00:00:00,99715.04829393893
2024-07-06 08:00:00,99715.04829393893
2024-07-06 16:00:00,99715.04829393893
2024-07-07 00:00:00,99715.04829393893
2024-07-07 08:00:00,99715.04829393893
2024-07-07 16:00:00,99715.04829393893
2024-07-08 00:00:00,99715.04829393893
2024-07-08 08:00:00,99715.04829393893
2024-07-08 16:00:00,99715.04829393893
2024-07-09 00:00:00,99715.04829393893
2024-07-09 08:00:00,99715.04829393893
2024-07-09 16:00:00,99715.04829393893
2024-07-10 00:00:00,99715.04829393893
2024-07-10 08:00:00,99715.04829393893
2024-07-10 16:00:00,99715.04829393893
2024-07-11 00:00:00,99715.04829393893
2024-07-11 08:00:00,99715.04829393893
2024-07-11 16:00:00,99715.04829393893
2024-07-12 00:00:00,99715.04829393893
2024-07-12 08:00:00,99715.04829393893
2024-07-12 16:00:00,99715.04829393893
2024-07-13 00:00:00,99715.04829393893
2024-07-13 08:00:00,99715.04829393893
2024-07-13 16:00:00,99715.04829393893
2024-07-14 00:00:00,99715.04829393893
2024-07-14 08:00:00,99715.04829393893
2024-07-14 16:00:00,99715.04829393893
2024-07-15 00:00:00,99698.01235379536
2024-07-15 08:00:00,99696.32862220785
2024-07-15 16:00:00,99676.8233346117
2024-07-16 00:00:00,99676.8233346117
2024-07-16 08:00:00,99676.8233346117
2024-07-16 16:00:00,99676.8233346117
2024-07-17 00:00:00,99676.8233346117
2024-07-17 08:00:00,99676.8233346117
2024-07-17 16:00:00,99676.8233346117
2024-07-18 00:00:00,99676.8233346117
2024-07-18 08:00:00,99676.8233346117
2024-07-18 16:00:00,99676.8233346117
2024-07-19 00:00:00,99676.8233346117
2024-07-19 08:00:00,99676.8233346117
2024-07-19 16:00:00,99676.8233346117
2024-07-20 00:00:00,99676.8233346117
2024-07-20 08:00:00,99676.8233346117
2024-07-20 16:00:00,99676.8233346117
2024-07-21 00:00:00,99676.8233346117
2024-07-21 08:00:00,99676.8233346117
2024-07-21 16:00:00,99676.8233346117
2024-07-22 00:00:00,99676.8233346117
2024-07-22 08:00:00,99676.8233346117
2024-07-22 16:00:00,99676.8233346117
2024-07-23 00:00:00,99676.8233346117
2024-07-23 08:00:00,99676.8233346117
2024-07-23 16:00:00,99676.8233346117
2024-07-24 00:00:00,99676.8233346117
2024-07-24 08:00:00,99676.8233346117
2024-07-24 16:00:00,99676.8233346117
2024-07-25 00:00:00,99676.8233346117
2024-07-25 08:00:00,99676.8233346117
2024-07-25 16:00:00,99676.8233346117
2024-07-26 00:00:00,99676.8233346117
2024-07-26 08:00:00,99676.8233346117
2024-07-26 16:00:00,99676.8233346117
2024-07-27 00:00:00,99676.8233346117
2024-07-27 08:00:00,99676.8233346117
2024-07-27 16:00:00,99676.8233346117
2024-07-28 00:00:00,99676.8233346117
2024-07-28 08:00:00,99676.8233346117
2024-07-28 16:00:00,99676.8233346117
2024-07-29 00:00:00,99676.8233346117
2024-07-29 08:00:00,99676.8233346117
2024-07-29 16:00:00,99676.8233346117
2024-07-30 00:00:00,99676.8233346117
2024-07-30 08:00:00,99676.8233346117
2024-07-30 16:00:00,99676.8233346117
2024-07-31 00:00:00,99676.8233346117
2024-07-31 08:00:00,99676.8233346117
2024-07-31 16:00:00,99676.8233346117
2024-08-01 00:00:00,99676.8233346117
2024-08-01 08:00:00,99676.8233346117
2024-08-01 16:00:00,99676.8233346117
2024-08-02 00:00:00,99676.8233346117
2024-08-02 08:00:00,99676.8233346117
2024-08-02 16:00:00,99676.8233346117
2024-08-03 00:00:00,99676.8233346117
2024-08-03 08:00:00,99676.8233346117
2024-08-03 16:00:00,99676.8233346117
2024-08-04 00:00:00,99676.8233346117
2024-08-04 08:00:00,99676.8233346117
2024-08-04 16:00:00,99676.8233346117
2024-08-05 00:00:00,99676.8233346117
2024-08-05 08:00:00,99676.8233346117
2024-08-05 16:00:00,99676.8233346117
2024-08-06 00:00:00,99676.8233346117
2024-08-06 08:00:00,99676.8233346117
2024-08-06 16:00:00,99676.8233346117
2024-08-07 00:00:00,99676.8233346117
2024-08-07 08:00:00,99676.8233346117
2024-08-07 16:00:00,99676.8233346117
2024-08-08 00:00:00,99676.8233346117
2024-08-08 08:00:00,99676.8233346117
2024-08-08 16:00:00,99676.8233346117
2024-08-09 00:00:00,99676.8233346117
2024-08-09 08:00:00,99676.8233346117
2024-08-09 16:00:00,99676.8233346117
2024-08-10 00:00:00,99676.8233346117
2024-08-10 08:00:00,99676.8233346117
2024-08-10 16:00:00,99676.8233346117
2024-08-11 00:00:00,99676.8233346117
2024-08-11 08:00:00,99676.8233346117
2024-08-11 16:00:00,99676.8233346117
2024-08-12 00:00:00,99676.8233346117
2024-08-12 08:00:00,99676.8233346117
2024-08-12 16:00:00,99676.8233346117
2024-08-13 00:00:00,99676.8233346117
2024-08-13 08:00:00,99676.8233346117
2024-08-13 16:00:00,99676.8233346117
2024-08-14 00:00:00,99676.8233346117
2024-08-14 08:00:00,99676.8233346117
2024-08-14 16:00:00,99676.8233346117
2024-08-15 00:00:00,99676.8233346117
2024-08-15 08:00:00,99676.8233346117
2024-08-15 16:00:00,99676.8233346117
2024-08-16 00:00:00,99676.8233346117
2024-08-16 08:00:00,99676.8233346117
2024-08-16 16:00:00,99676.8233346117
2024-08-17 00:00:00,99676.8233346117
2024-08-17 08:00:00,99676.8233346117
2024-08-17 16:00:00,99675.36580265348
2024-08-18 00:00:00,99676.5921104511
2024-08-18 08:00:00,99664.30819169577
2024-08-18 16:00:00,99675.5638032892
2024-08-19 00:00:00,99675.19727461552
2024-08-19 08:00:00,99680.8323059972
2024-08-19 16:00:00,99670.77951692394
2024-08-20 00:00:00,99663.49469741274
2024-08-20 08:00:00,99682.19415999226
2024-08-20 16:00:00,99682.54859900015
2024-08-21 00:00:00,99677.17781797716
2024-08-21 08:00:00,99676.94388980459
2024-08-21 16:00:00,99673.25617015555
2024-08-22 00:00:00,99673.25617015555
2024-08-22 08:00:00,99673.25617015555
2024-08-22 16:00:00,99673.25617015555
2024-08-23 00:00:00,99664.49959709728
2024-08-23 08:00:00,99664.24185084354
2024-08-23 16:00:00,99647.0434268204
2024-08-24 00:00:00,99647.82823957053
2024-08-24 08:00:00,99647.36564043972
2024-08-24 16:00:00,99646.1723085433
2024-08-25 00:00:00,99650.55776309744
2024-08-25 08:00:00,99632.2712293339
2024-08-25 16:00:00,99632.2712293339
2024-08-26 00:00:00,99632.2712293339
2024-08-26 08:00:00,99632.2712293339
2024-08-26 16:00:00,99624.71237102992
2024-08-27 00:00:00,99626.1365108018
2024-08-27 08:00:00,99606.64725126582
2024-08-27 16:00:00,99606.64725126582
2024-08-28 00:00:00,99606.64725126582
2024-08-28 08:00:00,99606.64725126582
2024-08-28 16:00:00,99606.64725126582
2024-08-29 00:00:00,99606.64725126582
2024-08-29 08:00:00,99606.64725126582
2024-08-29 16:00:00,99606.64725126582
2024-08-30 00:00:00,99606.64725126582
2024-08-30 08:00:00,99606.64725126582
2024-08-30 16:00:00,99606.64725126582
2024-08-31 00:00:00,99606.64725126582
2024-08-31 08:00:00,99606.64725126582
2024-08-31 16:00:00,99606.64725126582
2024-09-01 00:00:00,99606.64725126582
2024-09-01 08:00:00,99606.64725126582
2024-09-01 16:00:00,99606.64725126582
2024-09-02 00:00:00,99606.64725126582
2024-09-02 08:00:00,99606.64725126582
2024-09-02 16:00:00,99606.64725126582
2024-09-03 00:00:00,99606.64725126582
2024-09-03 08:00:00,99606.64725126582
2024-09-03 16:00:00,99606.64725126582
2024-09-04 00:00:00,99606.64725126582
2024-09-04 08:00:00,99606.64725126582
2024-09-04 16:00:00,99606.64725126582
2024-09-05 00:00:00,99606.64725126582
2024-09-05 08:00:00,99606.64725126582
2024-09-05 16:00:00,99606.64725126582
2024-09-06 00:00:00,99606.64725126582
2024-09-06 08:00:00,99606.64725126582
2024-09-06 16:00:00,99606.64725126582
2024-09-07 00:00:00,99606.64725126582
2024-09-07 08:00:00,99606.64725126582
2024-09-07 16:00:00,99606.64725126582
2024-09-08 00:00:00,99606.64725126582
2024-09-08 08:00:00,99606.64725126582
2024-09-08 16:00:00,99606.64725126582
2024-09-09 00:00:00,99606.64725126582
2024-09-09 08:00:00,99606.64725126582
2024-09-09 16:00:00,99606.64725126582
2024-09-10 00:00:00,99606.64725126582
2024-09-10 08:00:00,99606.64725126582
2024-09-10 16:00:00,99606.64725126582
2024-09-11 00:00:00,99606.64725126582
2024-09-11 08:00:00,99606.64725126582
2024-09-11 16:00:00,99606.64725126582
2024-09-12 00:00:00,99606.64725126582
2024-09-12 08:00:00,99606.64725126582
2024-09-12 16:00:00,99606.64725126582
2024-09-13 00:00:00,99606.64725126582
2024-09-13 08:00:00,99606.64725126582
2024-09-13 16:00:00,99606.64725126582
2024-09-14 00:00:00,99606.64725126582
2024-09-14 08:00:00,99606.64725126582
2024-09-14 16:00:00,99606.64725126582
2024-09-15 00:00:00,99606.64725126582
2024-09-15 08:00:00,99606.64725126582
2024-09-15 16:00:00,99606.64725126582
2024-09-16 00:00:00,99606.64725126582
2024-09-16 08:00:00,99606.64725126582
2024-09-16 16:00:00,99606.64725126582
2024-09-17 00:00:00,99606.64725126582
2024-09-17 08:00:00,99606.64725126582
2024-09-17 16:00:00,99606.64725126582
2024-09-18 00:00:00,99606.64725126582
2024-09-18 08:00:00,99606.64725126582
2024-09-18 16:00:00,99606.64725126582
2024-09-19 00:00:00,99606.64725126582
2024-09-19 08:00:00,99606.64725126582
2024-09-19 16:00:00,99606.64725126582
2024-09-20 00:00:00,99606.64725126582
2024-09-20 08:00:00,99606.64725126582
2024-09-20 16:00:00,99606.64725126582
2024-09-21 00:00:00,99606.64725126582
2024-09-21 08:00:00,99606.64725126582
2024-09-21 16:00:00,99606.64725126582
2024-09-22 00:00:00,99606.64725126582
2024-09-22 08:00:00,99606.64725126582
2024-09-22 16:00:00,99606.64725126582
2024-09-23 00:00:00,99606.64725126582
2024-09-23 08:00:00,99606.64725126582
2024-09-23 16:00:00,99606.64725126582
2024-09-24 00:00:00,99606.64725126582
2024-09-24 08:00:00,99606.64725126582
2024-09-24 16:00:00,99606.64725126582
2024-09-25 00:00:00,99606.64725126582
2024-09-25 08:00:00,99606.64725126582
2024-09-25 16:00:00,99606.64725126582
2024-09-26 00:00:00,99606.64725126582
2024-09-26 08:00:00,99606.64725126582
2024-09-26 16:00:00,99606.64725126582
2024-09-27 00:00:00,99606.64725126582
2024-09-27 08:00:00,99606.64725126582
2024-09-27 16:00:00,99606.64725126582
2024-09-28 00:00:00,99606.64725126582
2024-09-28 08:00:00,99606.64725126582
2024-09-28 16:00:00,99606.64725126582
2024-09-29 00:00:00,99606.64725126582
2024-09-29 08:00:00,99606.64725126582
2024-09-29 16:00:00,99606.64725126582
2024-09-30 00:00:00,99606.64725126582
2024-09-30 08:00:00,99606.64725126582
2024-09-30 16:00:00,99606.64725126582
2024-10-01 00:00:00,99606.64725126582
2024-10-01 08:00:00,99606.64725126582
2024-10-01 16:00:00,99606.64725126582
2024-10-02 00:00:00,99606.64725126582
2024-10-02 08:00:00,99606.64725126582
2024-10-02 16:00:00,99606.64725126582
2024-10-03 00:00:00,99606.64725126582
2024-10-03 08:00:00,99606.64725126582
2024-10-03 16:00:00,99606.64725126582
2024-10-04 00:00:00,99606.64725126582
2024-10-04 08:00:00,99606.64725126582
2024-10-04 16:00:00,99606.64725126582
2024-10-05 00:00:00,99606.64725126582
2024-10-05 08:00:00,99606.64725126582
2024-10-05 16:00:00,99606.64725126582
2024-10-06 00:00:00,99606.64725126582
2024-10-06 08:00:00,99606.64725126582
2024-10-06 16:00:00,99606.64725126582
2024-10-07 00:00:00,99606.64725126582
2024-10-07 08:00:00,99606.64725126582
2024-10-07 16:00:00,99606.64725126582
2024-10-08 00:00:00,99606.64725126582
2024-10-08 08:00:00,99606.64725126582
2024-10-08 16:00:00,99606.64725126582
2024-10-09 00:00:00,99606.64725126582
2024-10-09 08:00:00,99606.64725126582
2024-10-09 16:00:00,99606.64725126582
2024-10-10 00:00:00,99606.64725126582
2024-10-10 08:00:00,99606.64725126582
2024-10-10 16:00:00,99606.64725126582
2024-10-11 00:00:00,99606.64725126582
2024-10-11 08:00:00,99599.22380376158
2024-10-11 16:00:00,99600.01901202905
2024-10-12 00:00:00,99598.60984367857
2024-10-12 08:00:00,99593.23760538304
2024-10-12 16:00:00,99592.56270157848
2024-10-13 00:00:00,99594.79792003844
2024-10-13 08:00:00,99599.78780542844
2024-10-13 16:00:00,99593.9693214588
2024-10-14 00:00:00,99574.53651041086
2024-10-14 08:00:00,99554.85329969949
2024-10-14 16:00:00,99555.99999690347
2024-10-15 00:00:00,99558.59031308367
2024-10-15 08:00:00,99566.70286110895
2024-10-15 16:00:00,99560.13301767912
2024-10-16 00:00:00,99560.23041856813
2024-10-16 08:00:00,99560.10052517382
2024-10-16 16:00:00,99559.39584728428
2024-10-17 00:00:00,99556.07578958849
2024-10-17 08:00:00,99555.60411246559
2024-10-17 16:00:00,99560.38831054253
2024-10-18 00:00:00,99553.01016882202
2024-10-18 08:00:00,99549.16928791426
2024-10-18 16:00:00,99549.16928791426
2024-10-19 00:00:00,99549.16928791426
2024-10-19 08:00:00,99549.16928791426
2024-10-19 16:00:00,99549.16928791426
2024-10-20 00:00:00,99549.16928791426
2024-10-20 08:00:00,99549.16928791426
2024-10-20 16:00:00,99549.16928791426
2024-10-21 00:00:00,99549.16928791426
2024-10-21 08:00:00,99549.16928791426
2024-10-21 16:00:00,99549.16928791426
2024-10-22 00:00:00,99545.4398758804
2024-10-22 08:00:00,99541.13331745152
2024-10-22 16:00:00,99540.75962324927
2024-10-23 00:00:00,99537.02368402212
2024-10-23 08:00:00,99516.2832506941
2024-10-23 16:00:00,99516.2832506941
2024-10-24 00:00:00,99516.2832506941
2024-10-24 08:00:00,99516.2832506941
2024-10-24 16:00:00,99516.2832506941
2024-10-25 00:00:00,99516.2832506941
2024-10-25 08:00:00,99516.2832506941
2024-10-25 16:00:00,99516.2832506941
2024-10-26 00:00:00,99516.2832506941
2024-10-26 08:00:00,99516.2832506941
2024-10-26 16:00:00,99516.2832506941
2024-10-27 00:00:00,99516.2832506941
2024-10-27 08:00:00,99516.2832506941
2024-10-27 16:00:00,99516.2832506941
2024-10-28 00:00:00,99516.2832506941
2024-10-28 08:00:00,99516.2832506941
2024-10-28 16:00:00,99516.2832506941
2024-10-29 00:00:00,99516.2832506941
2024-10-29 08:00:00,99516.2832506941
2024-10-29 16:00:00,99516.2832506941
2024-10-30 00:00:00,99516.2832506941
2024-10-30 08:00:00,99516.2832506941
2024-10-30 16:00:00,99516.2832506941
2024-10-31 00:00:00,99516.2832506941
2024-10-31 08:00:00,99516.2832506941
2024-10-31 16:00:00,99516.2832506941
2024-11-01 00:00:00,99516.2832506941
2024-11-01 08:00:00,99516.2832506941
2024-11-01 16:00:00,99516.2832506941
2024-11-02 00:00:00,99516.2832506941
2024-11-02 08:00:00,99516.2832506941
2024-11-02 16:00:00,99516.2832506941
2024-11-03 00:00:00,99516.2832506941
2024-11-03 08:00:00,99516.2832506941
2024-11-03 16:00:00,99516.2832506941
2024-11-04 00:00:00,99516.2832506941
2024-11-04 08:00:00,99516.2832506941
2024-11-04 16:00:00,99516.2832506941
2024-11-05 00:00:00,99506.95374183205
2024-11-05 08:00:00,99507.38154122538
2024-11-05 16:00:00,99511.21467670696
2024-11-06 00:00:00,99479.43173544925
2024-11-06 08:00:00,99479.43173544925
2024-11-06 16:00:00,99479.43173544925
2024-11-07 00:00:00,99479.43173544925
2024-11-07 08:00:00,99479.43173544925
2024-11-07 16:00:00,99479.43173544925
2024-11-08 00:00:00,99479.43173544925
2024-11-08 08:00:00,99479.43173544925
2024-11-08 16:00:00,99479.43173544925
2024-11-09 00:00:00,99479.43173544925
2024-11-09 08:00:00,99479.43173544925
2024-11-09 16:00:00,99479.43173544925
2024-11-10 00:00:00,99479.43173544925
2024-11-10 08:00:00,99479.43173544925
2024-11-10 16:00:00,99479.43173544925
2024-11-11 00:00:00,99479.43173544925
2024-11-11 08:00:00,99479.43173544925
2024-11-11 16:00:00,99479.43173544925
2024-11-12 00:00:00,99479.43173544925
2024-11-12 08:00:00,99479.43173544925
2024-11-12 16:00:00,99479.43173544925
2024-11-13 00:00:00,99479.43173544925
2024-11-13 08:00:00,99479.43173544925
2024-11-13 16:00:00,99479.43173544925
2024-11-14 00:00:00,99479.43173544925
2024-11-14 08:00:00,99479.43173544925
2024-11-14 16:00:00,99479.43173544925
2024-11-15 00:00:00,99479.43173544925
2024-11-15 08:00:00,99479.43173544925
2024-11-15 16:00:00,99479.43173544925
2024-11-16 00:00:00,99479.43173544925
2024-11-16 08:00:00,99479.43173544925
2024-11-16 16:00:00,99479.43173544925
2024-11-17 00:00:00,99479.43173544925
2024-11-17 08:00:00,99479.43173544925
2024-11-17 16:00:00,99479.43173544925
2024-11-18 00:00:00,99479.43173544925
2024-11-18 08:00:00,99479.43173544925
2024-11-18 16:00:00,99479.43173544925
2024-11-19 00:00:00,99479.43173544925
2024-11-19 08:00:00,99479.43173544925
2024-11-19 16:00:00,99479.43173544925
2024-11-20 00:00:00,99479.43173544925
2024-11-20 08:00:00,99479.43173544925
2024-11-20 16:00:00,99479.43173544925
2024-11-21 00:00:00,99479.43173544925
2024-11-21 08:00:00,99479.43173544925
2024-11-21 16:00:00,99479.43173544925
2024-11-22 00:00:00,99479.43173544925
2024-11-22 08:00:00,99479.43173544925
2024-11-22 16:00:00,99479.43173544925
2024-11-23 00:00:00,99479.43173544925
2024-11-23 08:00:00,99479.43173544925
2024-11-23 16:00:00,99479.43173544925
2024-11-24 00:00:00,99479.43173544925
2024-11-24 08:00:00,99479.43173544925
2024-11-24 16:00:00,99479.43173544925
2024-11-25 00:00:00,99479.43173544925
2024-11-25 08:00:00,99479.43173544925
2024-11-25 16:00:00,99479.43173544925
2024-11-26 00:00:00,99479.43173544925
2024-11-26 08:00:00,99479.43173544925
2024-11-26 16:00:00,99479.43173544925
2024-11-27 00:00:00,99479.43173544925
2024-11-27 08:00:00,99479.43173544925
2024-11-27 16:00:00,99479.43173544925
2024-11-28 00:00:00,99479.43173544925
2024-11-28 08:00:00,99479.43173544925
2024-11-28 16:00:00,99479.43173544925
2024-11-29 00:00:00,99479.43173544925
2024-11-29 08:00:00,99479.43173544925
2024-11-29 16:00:00,99479.43173544925
2024-11-30 00:00:00,99479.43173544925
2024-11-30 08:00:00,99479.43173544925
2024-11-30 16:00:00,99479.43173544925
2024-12-01 00:00:00,99479.43173544925
2024-12-01 08:00:00,99479.43173544925
2024-12-01 16:00:00,99479.43173544925
2024-12-02 00:00:00,99479.43173544925
2024-12-02 08:00:00,99479.43173544925
2024-12-02 16:00:00,99479.43173544925
2024-12-03 00:00:00,99479.43173544925
2024-12-03 08:00:00,99479.43173544925
2024-12-03 16:00:00,99479.43173544925
2024-12-04 00:00:00,99479.43173544925
2024-12-04 08:00:00,99479.43173544925
2024-12-04 16:00:00,99479.43173544925
2024-12-05 00:00:00,99479.43173544925
2024-12-05 08:00:00,99479.43173544925
2024-12-05 16:00:00,99479.43173544925
2024-12-06 00:00:00,99479.43173544925
2024-12-06 08:00:00,99479.43173544925
2024-12-06 16:00:00,99479.43173544925
2024-12-07 00:00:00,99479.43173544925
2024-12-07 08:00:00,99479.43173544925
2024-12-07 16:00:00,99479.43173544925
2024-12-08 00:00:00,99479.43173544925
2024-12-08 08:00:00,99479.43173544925
2024-12-08 16:00:00,99479.43173544925
2024-12-09 00:00:00,99479.43173544925
2024-12-09 08:00:00,99479.43173544925
2024-12-09 16:00:00,99479.43173544925
2024-12-10 00:00:00,99479.43173544925
2024-12-10 08:00:00,99479.43173544925
2024-12-10 16:00:00,99479.43173544925
2024-12-11 00:00:00,99479.43173544925
2024-12-11 08:00:00,99479.43173544925
2024-12-11 16:00:00,99479.43173544925
2024-12-12 00:00:00,99479.43173544925
2024-12-12 08:00:00,99479.43173544925
2024-12-12 16:00:00,99479.43173544925
2024-12-13 00:00:00,99479.43173544925
2024-12-13 08:00:00,99479.43173544925
2024-12-13 16:00:00,99479.43173544925
2024-12-14 00:00:00,99479.43173544925
2024-12-14 08:00:00,99479.43173544925
2024-12-14 16:00:00,99479.43173544925
2024-12-15 00:00:00,99479.43173544925
2024-12-15 08:00:00,99479.43173544925
2024-12-15 16:00:00,99479.43173544925
2024-12-16 00:00:00,99479.43173544925
2024-12-16 08:00:00,99479.43173544925
2024-12-16 16:00:00,99479.43173544925
2024-12-17 00:00:00,99479.43173544925
2024-12-17 08:00:00,99479.43173544925
2024-12-17 16:00:00,99479.43173544925
2024-12-18 00:00:00,99479.43173544925
2024-12-18 08:00:00,99479.43173544925
2024-12-18 16:00:00,99479.43173544925
2024-12-19 00:00:00,99479.43173544925
2024-12-19 08:00:00,99479.43173544925
2024-12-19 16:00:00,99479.43173544925
2024-12-20 00:00:00,99479.43173544925
2024-12-20 08:00:00,99479.43173544925
2024-12-20 16:00:00,99479.43173544925
2024-12-21 00:00:00,99479.43173544925
2024-12-21 08:00:00,99479.43173544925
2024-12-21 16:00:00,99479.43173544925
2024-12-22 00:00:00,99479.43173544925
2024-12-22 08:00:00,99479.43173544925
2024-12-22 16:00:00,99479.43173544925
2024-12-23 00:00:00,99479.43173544925
2024-12-23 08:00:00,99479.43173544925
2024-12-23 16:00:00,99479.43173544925
2024-12-24 00:00:00,99479.43173544925
2024-12-24 08:00:00,99479.43173544925
2024-12-24 16:00:00,99479.43173544925
2024-12-25 00:00:00,99479.43173544925
2024-12-25 08:00:00,99479.43173544925
2024-12-25 16:00:00,99479.43173544925
2024-12-26 00:00:00,99479.43173544925
2024-12-26 08:00:00,99479.43173544925
2024-12-26 16:00:00,99479.43173544925
2024-12-27 00:00:00,99479.43173544925
2024-12-27 08:00:00,99479.43173544925
2024-12-27 16:00:00,99479.43173544925
2024-12-28 00:00:00,99479.43173544925
2024-12-28 08:00:00,99479.43173544925
2024-12-28 16:00:00,99479.43173544925
2024-12-29 00:00:00,99479.43173544925
2024-12-29 08:00:00,99479.43173544925
2024-12-29 16:00:00,99479.43173544925
2024-12-30 00:00:00,99479.43173544925
2024-12-30 08:00:00,99479.43173544925
2024-12-30 16:00:00,99479.43173544925
2024-12-31 00:00:00,99479.43173544925
2024-12-31 08:00:00,99479.43173544925
2024-12-31 16:00:00,99479.43173544925
2025-01-01 00:00:00,99479.43173544925
2025-01-01 08:00:00,99479.43173544925
2025-01-01 16:00:00,99479.43173544925
2025-01-02 00:00:00,99479.43173544925
2025-01-02 08:00:00,99479.43173544925
2025-01-02 16:00:00,99479.43173544925
2025-01-03 00:00:00,99482.6293431157
2025-01-03 08:00:00,99462.94810027459
2025-01-03 16:00:00,99462.94810027459
2025-01-04 00:00:00,99462.94810027459
2025-01-04 08:00:00,99462.94810027459
2025-01-04 16:00:00,99462.94810027459
2025-01-05 00:00:00,99462.94810027459
2025-01-05 08:00:00,99462.94810027459
2025-01-05 16:00:00,99462.94810027459
2025-01-06 00:00:00,99462.94810027459
2025-01-06 08:00:00,99462.94810027459
2025-01-06 16:00:00,99462.94810027459
2025-01-07 00:00:00,99462.94810027459
2025-01-07 08:00:00,99435.08900217063
2025-01-07 16:00:00,99423.33476978795
2025-01-08 00:00:00,99419.4821442507
2025-01-08 08:00:00,99418.41625464018
2025-01-08 16:00:00,99415.35288383448
2025-01-09 00:00:00,99389.90693371046
2025-01-09 08:00:00,99389.90693371046
2025-01-09 16:00:00,99389.90693371046
2025-01-10 00:00:00,99389.90693371046
2025-01-10 08:00:00,99389.90693371046
2025-01-10 16:00:00,99389.90693371046
2025-01-11 00:00:00,99389.90693371046
2025-01-11 08:00:00,99389.90693371046
2025-01-11 16:00:00,99389.90693371046
2025-01-12 00:00:00,99389.90693371046
2025-01-12 08:00:00,99389.90693371046
2025-01-12 16:00:00,99389.90693371046
2025-01-13 00:00:00,99389.90693371046
2025-01-13 08:00:00,99389.90693371046
2025-01-13 16:00:00,99389.90693371046
2025-01-14 00:00:00,99389.90693371046
2025-01-14 08:00:00,99389.90693371046
2025-01-14 16:00:00,99389.90693371046
2025-01-15 00:00:00,99389.90693371046
2025-01-15 08:00:00,99389.90693371046
2025-01-15 16:00:00,99389.90693371046
2025-01-16 00:00:00,99380.20073055492
2025-01-16 08:00:00,99372.79368216821
2025-01-16 16:00:00,99369.05676408646
2025-01-17 00:00:00,99378.73543173198
2025-01-17 08:00:00,99385.96917172859
2025-01-17 16:00:00,99393.51514130966
2025-01-18 00:00:00,99366.90051664923
2025-01-18 08:00:00,99369.85907070366
2025-01-18 16:00:00,99369.9657748981
2025-01-19 00:00:00,99365.20568097402
2025-01-19 08:00:00,99381.68655123615
2025-01-19 16:00:00,99356.7931079125
2025-01-20 00:00:00,99356.33062099005
2025-01-20 08:00:00,99356.33062099005
2025-01-20 16:00:00,99356.33062099005
2025-01-21 00:00:00,99356.33062099005
2025-01-21 08:00:00,99356.33062099005
2025-01-21 16:00:00,99356.33062099005
2025-01-22 00:00:00,99356.33062099005
2025-01-22 08:00:00,99356.33062099005
2025-01-22 16:00:00,99350.9527657317
2025-01-23 00:00:00,99349.43124358339
2025-01-23 08:00:00,99353.49335465734
2025-01-23 16:00:00,99365.5950583592
2025-01-24 00:00:00,99371.95075555172
2025-01-24 08:00:00,99372.25058395327
2025-01-24 16:00:00,99361.38098207186
2025-01-25 00:00:00,99358.55205578583
2025-01-25 08:00:00,99365.05911706056
2025-01-25 16:00:00,99362.82905515537
2025-01-26 00:00:00,99365.76539923609
2025-01-26 08:00:00,99362.20611651914
2025-01-26 16:00:00,99359.84765862738
2025-01-27 00:00:00,99359.84765862738
2025-01-27 08:00:00,99359.84765862738
2025-01-27 16:00:00,99359.84765862738
2025-01-28 00:00:00,99359.84765862738
2025-01-28 08:00:00,99359.84765862738
2025-01-28 16:00:00,99359.84765862738
2025-01-29 00:00:00,99359.84765862738
2025-01-29 08:00:00,99359.84765862738
2025-01-29 16:00:00,99359.84765862738
2025-01-30 00:00:00,99359.84765862738
2025-01-30 08:00:00,99359.84765862738
2025-01-30 16:00:00,99359.84765862738
2025-01-31 00:00:00,99359.84765862738
2025-01-31 08:00:00,99331.29388094443
2025-01-31 16:00:00,99349.66150617413
2025-02-01 00:00:00,99352.74934002395
2025-02-01 08:00:00,99357.23219580113
2025-02-01 16:00:00,99401.58330959355
2025-02-02 00:00:00,99401.58330959355
2025-02-02 08:00:00,99401.58330959355
2025-02-02 16:00:00,99401.58330959355
2025-02-03 00:00:00,99401.58330959355
2025-02-03 08:00:00,99401.58330959355
2025-02-03 16:00:00,99401.58330959355
2025-02-04 00:00:00,99401.58330959355
2025-02-04 08:00:00,99401.58330959355
2025-02-04 16:00:00,99401.58330959355
2025-02-05 00:00:00,99401.58330959355
2025-02-05 08:00:00,99401.58330959355
2025-02-05 16:00:00,99401.58330959355
2025-02-06 00:00:00,99401.58330959355
2025-02-06 08:00:00,99401.58330959355
2025-02-06 16:00:00,99401.58330959355
2025-02-07 00:00:00,99401.58330959355
2025-02-07 08:00:00,99401.58330959355
2025-02-07 16:00:00,99401.58330959355
2025-02-08 00:00:00,99401.58330959355
2025-02-08 08:00:00,99401.58330959355
2025-02-08 16:00:00,99401.58330959355
2025-02-09 00:00:00,99401.58330959355
2025-02-09 08:00:00,99401.58330959355
2025-02-09 16:00:00,99401.58330959355
2025-02-10 00:00:00,99401.58330959355
2025-02-10 08:00:00,99401.58330959355
2025-02-10 16:00:00,99401.58330959355
2025-02-11 00:00:00,99401.58330959355
2025-02-11 08:00:00,99401.58330959355
2025-02-11 16:00:00,99401.58330959355
2025-02-12 00:00:00,99401.58330959355
2025-02-12 08:00:00,99401.58330959355
2025-02-12 16:00:00,99401.58330959355
2025-02-13 00:00:00,99401.58330959355
2025-02-13 08:00:00,99401.58330959355
2025-02-13 16:00:00,99401.58330959355
2025-02-14 00:00:00,99401.58330959355
2025-02-14 08:00:00,99401.58330959355
2025-02-14 16:00:00,99401.58330959355
2025-02-15 00:00:00,99401.58330959355
2025-02-15 08:00:00,99401.58330959355
2025-02-15 16:00:00,99401.58330959355
2025-02-16 00:00:00,99401.58330959355
2025-02-16 08:00:00,99401.58330959355
2025-02-16 16:00:00,99401.58330959355
2025-02-17 00:00:00,99401.58330959355
2025-02-17 08:00:00,99401.58330959355
2025-02-17 16:00:00,99401.58330959355
2025-02-18 00:00:00,99401.58330959355
2025-02-18 08:00:00,99401.58330959355
2025-02-18 16:00:00,99401.58330959355
2025-02-19 00:00:00,99401.58330959355
2025-02-19 08:00:00,99401.58330959355
2025-02-19 16:00:00,99401.58330959355
2025-02-20 00:00:00,99398.8694206879
2025-02-20 08:00:00,99402.08026555445
2025-02-20 16:00:00,99397.38375786168
2025-02-21 00:00:00,99394.09335569845
2025-02-21 08:00:00,99399.99929839965
2025-02-21 16:00:00,99411.2090696494
2025-02-22 00:00:00,99407.10873321728
2025-02-22 08:00:00,99390.09747497237
2025-02-22 16:00:00,99392.35599889485
2025-02-23 00:00:00,99381.26706203328
2025-02-23 08:00:00,99388.6388963982
2025-02-23 16:00:00,99382.06658036514
2025-02-24 00:00:00,99383.01261687702
2025-02-24 08:00:00,99383.01261687702
2025-02-24 16:00:00,99383.01261687702
2025-02-25 00:00:00,99383.01261687702
2025-02-25 08:00:00,99383.01261687702
2025-02-25 16:00:00,99383.01261687702
2025-02-26 00:00:00,99383.01261687702
2025-02-26 08:00:00,99383.01261687702
2025-02-26 16:00:00,99383.01261687702
2025-02-27 00:00:00,99383.01261687702
2025-02-27 08:00:00,99383.01261687702
2025-02-27 16:00:00,99383.01261687702
2025-02-28 00:00:00,99383.01261687702
2025-02-28 08:00:00,99383.01261687702
2025-02-28 16:00:00,99383.01261687702
2025-03-01 00:00:00,99383.01261687702
2025-03-01 08:00:00,99383.01261687702
2025-03-01 16:00:00,99383.01261687702
2025-03-02 00:00:00,99383.01261687702
2025-03-02 08:00:00,99383.01261687702
2025-03-02 16:00:00,99383.01261687702
2025-03-03 00:00:00,99383.01261687702
2025-03-03 08:00:00,99383.01261687702
2025-03-03 16:00:00,99383.01261687702
2025-03-04 00:00:00,99383.01261687702
2025-03-04 08:00:00,99383.01261687702
2025-03-04 16:00:00,99383.01261687702
2025-03-05 00:00:00,99383.01261687702
2025-03-05 08:00:00,99383.01261687702
2025-03-05 16:00:00,99383.01261687702
2025-03-06 00:00:00,99383.01261687702
2025-03-06 08:00:00,99383.01261687702
2025-03-06 16:00:00,99383.01261687702
2025-03-07 00:00:00,99383.01261687702
2025-03-07 08:00:00,99383.01261687702
2025-03-07 16:00:00,99383.01261687702
2025-03-08 00:00:00,99383.01261687702
2025-03-08 08:00:00,99383.01261687702
2025-03-08 16:00:00,99383.01261687702
2025-03-09 00:00:00,99383.01261687702
2025-03-09 08:00:00,99383.01261687702
2025-03-09 16:00:00,99383.01261687702
2025-03-10 00:00:00,99383.01261687702
2025-03-10 08:00:00,99383.01261687702
2025-03-10 16:00:00,99383.01261687702
2025-03-11 00:00:00,99383.01261687702
2025-03-11 08:00:00,99383.01261687702
2025-03-11 16:00:00,99383.01261687702
2025-03-12 00:00:00,99383.01261687702
2025-03-12 08:00:00,99383.01261687702
2025-03-12 16:00:00,99383.01261687702
2025-03-13 00:00:00,99383.01261687702
2025-03-13 08:00:00,99383.01261687702
2025-03-13 16:00:00,99383.01261687702
2025-03-14 00:00:00,99383.01261687702
2025-03-14 08:00:00,99383.01261687702
2025-03-14 16:00:00,99383.01261687702
2025-03-15 00:00:00,99383.01261687702
2025-03-15 08:00:00,99383.01261687702
2025-03-15 16:00:00,99383.01261687702
2025-03-16 00:00:00,99383.01261687702
2025-03-16 08:00:00,99383.01261687702
2025-03-16 16:00:00,99383.01261687702
2025-03-17 00:00:00,99383.01261687702
2025-03-17 08:00:00,99378.21117668175
2025-03-17 16:00:00,99376.42924898629
2025-03-18 00:00:00,99381.94680679945
2025-03-18 08:00:00,99388.21562744003
2025-03-18 16:00:00,99374.82179433141
2025-03-19 00:00:00,99374.67509777372
2025-03-19 08:00:00,99340.57047734655
2025-03-19 16:00:00,99340.57047734655
2025-03-20 00:00:00,99340.57047734655
2025-03-20 08:00:00,99340.57047734655
2025-03-20 16:00:00,99340.57047734655
2025-03-21 00:00:00,99340.57047734655
2025-03-21 08:00:00,99340.57047734655
2025-03-21 16:00:00,99340.57047734655
2025-03-22 00:00:00,99340.57047734655
2025-03-22 08:00:00,99340.57047734655
2025-03-22 16:00:00,99340.57047734655
2025-03-23 00:00:00,99340.57047734655
2025-03-23 08:00:00,99340.57047734655
2025-03-23 16:00:00,99340.57047734655
2025-03-24 00:00:00,99340.57047734655
2025-03-24 08:00:00,99340.57047734655
2025-03-24 16:00:00,99340.57047734655
2025-03-25 00:00:00,99340.57047734655
2025-03-25 08:00:00,99340.57047734655
2025-03-25 16:00:00,99340.57047734655
2025-03-26 00:00:00,99340.57047734655
2025-03-26 08:00:00,99340.57047734655
2025-03-26 16:00:00,99340.57047734655
2025-03-27 00:00:00,99340.57047734655
2025-03-27 08:00:00,99340.57047734655
2025-03-27 16:00:00,99340.57047734655
2025-03-28 00:00:00,99317.31760165264
2025-03-28 08:00:00,99307.53955098674
2025-03-28 16:00:00,99314.05852356621
2025-03-29 00:00:00,99309.69786525455
2025-03-29 08:00:00,99299.0898307289
2025-03-29 16:00:00,99277.24062709171
2025-03-30 00:00:00,99277.24062709171
2025-03-30 08:00:00,99277.24062709171
2025-03-30 16:00:00,99277.24062709171
2025-03-31 00:00:00,99277.24062709171
2025-03-31 08:00:00,99265.24172592965
2025-03-31 16:00:00,99270.57326299536
2025-04-01 00:00:00,99261.9219180135
2025-04-01 08:00:00,99244.63594495995
2025-04-01 16:00:00,99248.17542485642
2025-04-02 00:00:00,99258.63598792865
2025-04-02 08:00:00,99249.04596161986
2025-04-02 16:00:00,99276.72729877093
2025-04-03 00:00:00,99271.07758367299
2025-04-03 08:00:00,99280.13196904218
2025-04-03 16:00:00,99270.36234305047
2025-04-04 00:00:00,99270.25304334737
2025-04-04 08:00:00,99282.2995710651
2025-04-04 16:00:00,99282.2995710651
2025-04-05 00:00:00,99282.2995710651
2025-04-05 08:00:00,99282.2995710651
2025-04-05 16:00:00,99282.2995710651
2025-04-06 00:00:00,99282.2995710651
2025-04-06 08:00:00,99282.2995710651
2025-04-06 16:00:00,99282.2995710651
2025-04-07 00:00:00,99282.2995710651
2025-04-07 08:00:00,99282.2995710651
2025-04-07 16:00:00,99282.2995710651
2025-04-08 00:00:00,99282.2995710651
2025-04-08 08:00:00,99282.2995710651
2025-04-08 16:00:00,99282.2995710651
2025-04-09 00:00:00,99282.2995710651
2025-04-09 08:00:00,99282.2995710651
2025-04-09 16:00:00,99282.2995710651
2025-04-10 00:00:00,99282.2995710651
2025-04-10 08:00:00,99282.2995710651
2025-04-10 16:00:00,99282.2995710651
2025-04-11 00:00:00,99282.2995710651
2025-04-11 08:00:00,99282.2995710651
2025-04-11 16:00:00,99282.2995710651
2025-04-12 00:00:00,99282.2995710651
2025-04-12 08:00:00,99282.2995710651
2025-04-12 16:00:00,99282.2995710651
2025-04-13 00:00:00,99282.2995710651
2025-04-13 08:00:00,99282.2995710651
2025-04-13 16:00:00,99282.2995710651
2025-04-14 00:00:00,99282.2995710651
2025-04-14 08:00:00,99282.2995710651
2025-04-14 16:00:00,99282.2995710651
2025-04-15 00:00:00,99282.2995710651
2025-04-15 08:00:00,99282.2995710651
2025-04-15 16:00:00,99282.2995710651
2025-04-16 00:00:00,99282.2995710651
2025-04-16 08:00:00,99282.2995710651
2025-04-16 16:00:00,99282.2995710651
2025-04-17 00:00:00,99282.2995710651
2025-04-17 08:00:00,99282.2995710651
2025-04-17 16:00:00,99282.2995710651
2025-04-18 00:00:00,99282.2995710651
2025-04-18 08:00:00,99282.2995710651
2025-04-18 16:00:00,99282.2995710651
2025-04-19 00:00:00,99278.4355950756
2025-04-19 08:00:00,99276.47517679317
2025-04-19 16:00:00,99274.66772318092
2025-04-20 00:00:00,99279.53775010713
2025-04-20 08:00:00,99286.94351537756
2025-04-20 16:00:00,99282.60034287383
2025-04-21 00:00:00,99264.28397468079
2025-04-21 08:00:00,99271.10232255577
2025-04-21 16:00:00,99284.51998217941
2025-04-22 00:00:00,99271.95407285719
2025-04-22 08:00:00,99239.67742046436
2025-04-22 16:00:00,99239.67742046436
2025-04-23 00:00:00,99239.67742046436
2025-04-23 08:00:00,99239.67742046436
2025-04-23 16:00:00,99239.67742046436
2025-04-24 00:00:00,99239.67742046436
2025-04-24 08:00:00,99239.67742046436
2025-04-24 16:00:00,99239.67742046436
2025-04-25 00:00:00,99239.67742046436
2025-04-25 08:00:00,99239.67742046436
2025-04-25 16:00:00,99239.67742046436
2025-04-26 00:00:00,99239.67742046436
2025-04-26 08:00:00,99239.67742046436
2025-04-26 16:00:00,99239.67742046436
2025-04-27 00:00:00,99239.67742046436
2025-04-27 08:00:00,99239.67742046436
2025-04-27 16:00:00,99239.67742046436
2025-04-28 00:00:00,99239.67742046436
2025-04-28 08:00:00,99239.67742046436
2025-04-28 16:00:00,99239.67742046436
2025-04-29 00:00:00,99239.67742046436
2025-04-29 08:00:00,99239.67742046436
2025-04-29 16:00:00,99239.67742046436
2025-04-30 00:00:00,99239.67742046436
2025-04-30 08:00:00,99239.67742046436
2025-04-30 16:00:00,99239.67742046436
2025-05-01 00:00:00,99239.67742046436
2025-05-01 08:00:00,99239.67742046436
2025-05-01 16:00:00,99239.67742046436
2025-05-02 00:00:00,99233.7652487817
2025-05-02 08:00:00,99240.57380134145
2025-05-02 16:00:00,99240.84614248604
2025-05-03 00:00:00,99236.6312012143
2025-05-03 08:00:00,99238.78653400012
2025-05-03 16:00:00,99238.52673384885
2025-05-04 00:00:00,99240.60892606892
2025-05-04 08:00:00,99237.74804145412
2025-05-04 16:00:00,99231.84681170444
2025-05-05 00:00:00,99236.75112756378
2025-05-05 08:00:00,99229.79378197003
2025-05-05 16:00:00,99235.11043156967
2025-05-06 00:00:00,99231.69972415877
2025-05-06 08:00:00,99231.69972415877
2025-05-06 16:00:00,99231.69972415877
2025-05-07 00:00:00,99231.69972415877
2025-05-07 08:00:00,99231.69972415877
2025-05-07 16:00:00,99231.69972415877
2025-05-08 00:00:00,99231.69972415877
2025-05-08 08:00:00,99231.69972415877
2025-05-08 16:00:00,99231.69972415877
2025-05-09 00:00:00,99231.69972415877
2025-05-09 08:00:00,99231.69972415877
2025-05-09 16:00:00,99231.69972415877
2025-05-10 00:00:00,99231.69972415877
2025-05-10 08:00:00,99231.69972415877
2025-05-10 16:00:00,99231.69972415877
2025-05-11 00:00:00,99231.69972415877
2025-05-11 08:00:00,99231.69972415877
2025-05-11 16:00:00,99231.69972415877
2025-05-12 00:00:00,99231.69972415877
2025-05-12 08:00:00,99231.69972415877
2025-05-12 16:00:00,99231.69972415877
2025-05-13 00:00:00,99231.69972415877
2025-05-13 08:00:00,99231.69972415877
2025-05-13 16:00:00,99231.69972415877
2025-05-14 00:00:00,99231.69972415877
2025-05-14 08:00:00,99231.69972415877
2025-05-14 16:00:00,99231.69972415877
2025-05-15 00:00:00,99231.69972415877
2025-05-15 08:00:00,99231.69972415877
2025-05-15 16:00:00,99231.69972415877
2025-05-16 00:00:00,99231.69972415877
2025-05-16 08:00:00,99231.69972415877
2025-05-16 16:00:00,99231.69972415877
2025-05-17 00:00:00,99231.69972415877
2025-05-17 08:00:00,99231.69972415877
2025-05-17 16:00:00,99231.69972415877
2025-05-18 00:00:00,99231.69972415877
2025-05-18 08:00:00,99231.69972415877
2025-05-18 16:00:00,99231.69972415877
2025-05-19 00:00:00,99231.69972415877
2025-05-19 08:00:00,99231.69972415877
2025-05-19 16:00:00,99231.69972415877
2025-05-20 00:00:00,99231.69972415877
2025-05-20 08:00:00,99231.69972415877
2025-05-20 16:00:00,99231.69972415877
2025-05-21 00:00:00,99231.69972415877
2025-05-21 08:00:00,99231.69972415877
2025-05-21 16:00:00,99231.69972415877
2025-05-22 00:00:00,99231.69972415877
2025-05-22 08:00:00,99231.69972415877
2025-05-22 16:00:00,99231.69972415877
2025-05-23 00:00:00,99231.69972415877
2025-05-23 08:00:00,99231.69972415877
2025-05-23 16:00:00,99231.69972415877
2025-05-24 00:00:00,99231.69972415877
2025-05-24 08:00:00,99231.69972415877
2025-05-24 16:00:00,99231.69972415877
2025-05-25 00:00:00,99231.69972415877
2025-05-25 08:00:00,99231.69972415877
2025-05-25 16:00:00,99231.69972415877
2025-05-26 00:00:00,99231.69972415877
2025-05-26 08:00:00,99231.69972415877
2025-05-26 16:00:00,99231.69972415877
2025-05-27 00:00:00,99231.69972415877
2025-05-27 08:00:00,99231.69972415877
2025-05-27 16:00:00,99231.69972415877
2025-05-28 00:00:00,99231.69972415877
2025-05-28 08:00:00,99231.69972415877
2025-05-28 16:00:00,99231.69972415877
2025-05-29 00:00:00,99231.69972415877
2025-05-29 08:00:00,99231.69972415877
2025-05-29 16:00:00,99231.69972415877
2025-05-30 00:00:00,99231.69972415877
2025-05-30 08:00:00,99231.69972415877
2025-05-30 16:00:00,99231.69972415877
2025-05-31 00:00:00,99231.69972415877
2025-05-31 08:00:00,99231.69972415877
2025-05-31 16:00:00,99231.69972415877
2025-06-01 00:00:00,99231.69972415877
2025-06-01 08:00:00,99231.69972415877
2025-06-01 16:00:00,99231.69972415877
2025-06-02 00:00:00,99231.69972415877
2025-06-02 08:00:00,99231.69972415877
2025-06-02 16:00:00,99231.69972415877
2025-06-03 00:00:00,99231.69972415877
2025-06-03 08:00:00,99231.69972415877
2025-06-03 16:00:00,99231.69972415877
2025-06-04 00:00:00,99231.69972415877
2025-06-04 08:00:00,99231.69972415877
2025-06-04 16:00:00,99231.69972415877
2025-06-05 00:00:00,99231.69972415877
2025-06-05 08:00:00,99231.69972415877
2025-06-05 16:00:00,99231.69972415877
2025-06-06 00:00:00,99231.69972415877
2025-06-06 08:00:00,99231.69972415877
2025-06-06 16:00:00,99231.69972415877
2025-06-07 00:00:00,99228.72723891021
2025-06-07 08:00:00,99223.09080524882
2025-06-07 16:00:00,99222.12556176075
2025-06-08 00:00:00,99224.08177193224
2025-06-08 08:00:00,99224.09361510577
2025-06-08 16:00:00,99225.09438727926
2025-06-09 00:00:00,99228.58541497096
2025-06-09 08:00:00,99220.15723811713
2025-06-09 16:00:00,99181.92717973418
2025-06-10 00:00:00,99181.92717973418
2025-06-10 08:00:00,99181.92717973418
2025-06-10 16:00:00,99181.92717973418
2025-06-11 00:00:00,99181.92717973418
2025-06-11 08:00:00,99181.92717973418
2025-06-11 16:00:00,99181.92717973418
2025-06-12 00:00:00,99181.92717973418
2025-06-12 08:00:00,99181.92717973418
2025-06-12 16:00:00,99181.92717973418
2025-06-13 00:00:00,99181.92717973418
2025-06-13 08:00:00,99181.92717973418
2025-06-13 16:00:00,99181.92717973418
2025-06-14 00:00:00,99181.92717973418
2025-06-14 08:00:00,99181.92717973418
2025-06-14 16:00:00,99181.92717973418
2025-06-15 00:00:00,99181.92717973418
2025-06-15 08:00:00,99179.2860748135
2025-06-15 16:00:00,99178.20676197774
2025-06-16 00:00:00,99162.35621246244
2025-06-16 08:00:00,99161.76185193166
2025-06-16 16:00:00,99178.29723006826
2025-06-17 00:00:00,99170.88553286617
2025-06-17 08:00:00,99186.90345609307
2025-06-17 16:00:00,99184.67172594625
2025-06-18 00:00:00,99180.0583750798
2025-06-18 08:00:00,99184.85419479839
2025-06-18 16:00:00,99181.75941409437
2025-06-19 00:00:00,99182.92476016929
2025-06-19 08:00:00,99191.87402681606
2025-06-19 16:00:00,99186.24348510632
2025-06-20 00:00:00,99180.65088251475
2025-06-20 08:00:00,99191.57453028322
2025-06-20 16:00:00,99208.89403520428
2025-06-21 00:00:00,99204.72633944129
2025-06-21 08:00:00,99205.39298564839
2025-06-21 16:00:00,99249.1909640689
2025-06-22 00:00:00,99249.1909640689
2025-06-22 08:00:00,99249.1909640689
2025-06-22 16:00:00,99249.1909640689
2025-06-23 00:00:00,99249.1909640689
2025-06-23 08:00:00,99249.1909640689
2025-06-23 16:00:00,99249.1909640689
2025-06-24 00:00:00,99249.1909640689
2025-06-24 08:00:00,99249.1909640689
2025-06-24 16:00:00,99249.1909640689
2025-06-25 00:00:00,99249.1909640689
2025-06-25 08:00:00,99249.1909640689
2025-06-25 16:00:00,99249.1909640689
2025-06-26 00:00:00,99234.46748980042
2025-06-26 08:00:00,99245.8302150855
2025-06-26 16:00:00,99249.39278127703
2025-06-27 00:00:00,99243.91555514364
2025-06-27 08:00:00,99244.64326011065
2025-06-27 16:00:00,99247.80876690357
2025-06-28 00:00:00,99246.06930979592
2025-06-28 08:00:00,99245.14444774007
2025-06-28 16:00:00,99245.20150672877
2025-06-29 00:00:00,99244.22731570035
2025-06-29 08:00:00,99245.08568197502
2025-06-29 16:00:00,99232.06754805597
2025-06-30 00:00:00,99233.33998303703
2025-06-30 08:00:00,99233.33998303703
2025-06-30 16:00:00,99233.33998303703
2025-07-01 00:00:00,99233.33998303703
2025-07-01 08:00:00,99233.33998303703
2025-07-01 16:00:00,99233.33998303703
2025-07-02 00:00:00,99233.33998303703
2025-07-02 08:00:00,99233.33998303703
2025-07-02 16:00:00,99233.33998303703
2025-07-03 00:00:00,99233.33998303703
2025-07-03 08:00:00,99233.33998303703
2025-07-03 16:00:00,99233.33998303703
2025-07-04 00:00:00,99233.33998303703
2025-07-04 08:00:00,99233.33998303703
2025-07-04 16:00:00,99233.33998303703
2025-07-05 00:00:00,99233.33998303703
2025-07-05 08:00:00,99233.33998303703
2025-07-05 16:00:00,99233.33998303703
2025-07-06 00:00:00,99233.33998303703
2025-07-06 08:00:00,99233.33998303703
2025-07-06 16:00:00,99233.33998303703
2025-07-07 00:00:00,99233.33998303703
2025-07-07 08:00:00,99224.73068376795
2025-07-07 16:00:00,99226.45654589427
2025-07-08 00:00:00,99228.56299530172
2025-07-08 08:00:00,99230.83165661244
2025-07-08 16:00:00,99240.53478415844
2025-07-09 00:00:00,99242.38939615637
2025-07-09 08:00:00,99248.3789501369
2025-07-09 16:00:00,99293.85791382744
2025-07-10 00:00:00,99293.85791382744
2025-07-10 08:00:00,99293.85791382744
2025-07-10 16:00:00,99293.85791382744
2025-07-11 00:00:00,99293.85791382744
2025-07-11 08:00:00,99293.85791382744
2025-07-11 16:00:00,99293.85791382744
2025-07-12 00:00:00,99293.85791382744
2025-07-12 08:00:00,99293.85791382744
2025-07-12 16:00:00,99293.85791382744
2025-07-13 00:00:00,99293.85791382744
2025-07-13 08:00:00,99293.85791382744
2025-07-13 16:00:00,99293.85791382744
2025-07-14 00:00:00,99293.85791382744
2025-07-14 08:00:00,99293.85791382744
2025-07-14 16:00:00,99293.85791382744
2025-07-15 00:00:00,99293.85791382744
2025-07-15 08:00:00,99293.85791382744
2025-07-15 16:00:00,99293.85791382744
2025-07-16 00:00:00,99293.85791382744
2025-07-16 08:00:00,99293.85791382744
2025-07-16 16:00:00,99293.85791382744
2025-07-17 00:00:00,99293.85791382744
2025-07-17 08:00:00,99293.85791382744
2025-07-17 16:00:00,99293.85791382744
2025-07-18 00:00:00,99293.85791382744
2025-07-18 08:00:00,99293.85791382744
2025-07-18 16:00:00,99293.85791382744
2025-07-19 00:00:00,99293.85791382744
2025-07-19 08:00:00,99293.85791382744
2025-07-19 16:00:00,99293.85791382744
2025-07-20 00:00:00,99293.85791382744
2025-07-20 08:00:00,99293.85791382744
2025-07-20 16:00:00,99293.85791382744
2025-07-21 00:00:00,99293.85791382744
2025-07-21 08:00:00,99293.85791382744
2025-07-21 16:00:00,99293.85791382744
2025-07-22 00:00:00,99293.85791382744
2025-07-22 08:00:00,99293.85791382744
2025-07-22 16:00:00,99293.85791382744
2025-07-23 00:00:00,99293.85791382744
2025-07-23 08:00:00,99293.85791382744
2025-07-23 16:00:00,99293.85791382744
2025-07-24 00:00:00,99293.85791382744
2025-07-24 08:00:00,99293.85791382744
2025-07-24 16:00:00,99293.85791382744
2025-07-25 00:00:00,99293.85791382744
2025-07-25 08:00:00,99293.85791382744
2025-07-25 16:00:00,99293.85791382744
2025-07-26 00:00:00,99293.85791382744
2025-07-26 08:00:00,99293.85791382744
2025-07-26 16:00:00,99293.85791382744
2025-07-27 00:00:00,99293.85791382744
2025-07-27 08:00:00,99293.85791382744
2025-07-27 16:00:00,99293.85791382744
2025-07-28 00:00:00,99293.85791382744
2025-07-28 08:00:00,99282.89785941859
2025-07-28 16:00:00,99281.58185738053
2025-07-29 00:00:00,99292.11679446486
2025-07-29 08:00:00,99277.12779732613
2025-07-29 16:00:00,99281.3568563594
2025-07-30 00:00:00,99283.65850905227
2025-07-30 08:00:00,99281.9160868794
2025-07-30 16:00:00,99283.60445697745
2025-07-31 00:00:00,99290.57628704201
2025-07-31 08:00:00,99280.78775240821
2025-07-31 16:00:00,99269.06210872436
2025-08-01 00:00:00,99262.6291615602
2025-08-01 08:00:00,99237.04899563188
2025-08-01 16:00:00,99237.04899563188
2025-08-02 00:00:00,99237.04899563188
2025-08-02 08:00:00,99237.04899563188
2025-08-02 16:00:00,99237.04899563188
2025-08-03 00:00:00,99237.04899563188
2025-08-03 08:00:00,99237.04899563188
2025-08-03 16:00:00,99237.04899563188
2025-08-04 00:00:00,99237.04899563188
2025-08-04 08:00:00,99237.04899563188
2025-08-04 16:00:00,99237.04899563188
2025-08-05 00:00:00,99237.04899563188
2025-08-05 08:00:00,99237.04899563188
2025-08-05 16:00:00,99237.04899563188
2025-08-06 00:00:00,99237.04899563188
2025-08-06 08:00:00,99237.04899563188
2025-08-06 16:00:00,99237.04899563188
2025-08-07 00:00:00,99237.04899563188
2025-08-07 08:00:00,99237.04899563188
2025-08-07 16:00:00,99237.04899563188
2025-08-08 00:00:00,99237.04899563188
2025-08-08 08:00:00,99237.04899563188
2025-08-08 16:00:00,99237.04899563188
2025-08-09 00:00:00,99237.04899563188
2025-08-09 08:00:00,99237.04899563188
2025-08-09 16:00:00,99237.04899563188
2025-08-10 00:00:00,99237.04899563188
2025-08-10 08:00:00,99237.04899563188
2025-08-10 16:00:00,99237.04899563188
2025-08-11 00:00:00,99237.04899563188
2025-08-11 08:00:00,99237.04899563188
2025-08-11 16:00:00,99237.04899563188
2025-08-12 00:00:00,99237.04899563188
2025-08-12 08:00:00,99237.04899563188
2025-08-12 16:00:00,99237.04899563188
2025-08-13 00:00:00,99237.04899563188
2025-08-13 08:00:00,99237.04899563188
2025-08-13 16:00:00,99237.04899563188
2025-08-14 00:00:00,99237.04899563188
2025-08-14 08:00:00,99237.04899563188
2025-08-14 16:00:00,99237.04899563188
2025-08-15 00:00:00,99237.04899563188
2025-08-15 08:00:00,99237.04899563188
2025-08-15 16:00:00,99237.04899563188
2025-08-16 00:00:00,99237.04899563188
2025-08-16 08:00:00,99237.04899563188
2025-08-16 16:00:00,99237.04899563188
2025-08-17 00:00:00,99237.04899563188
2025-08-17 08:00:00,99237.04899563188
2025-08-17 16:00:00,99237.04899563188
2025-08-18 00:00:00,99237.04899563188
2025-08-18 08:00:00,99237.04899563188
2025-08-18 16:00:00,99237.04899563188
2025-08-19 00:00:00,99237.04899563188
2025-08-19 08:00:00,99237.04899563188
2025-08-19 16:00:00,99237.04899563188
2025-08-20 00:00:00,99237.04899563188
2025-08-20 08:00:00,99237.04899563188
2025-08-20 16:00:00,99237.04899563188
2025-08-21 00:00:00,99237.04899563188
2025-08-21 08:00:00,99237.04899563188
2025-08-21 16:00:00,99237.04899563188
2025-08-22 00:00:00,99237.04899563188
2025-08-22 08:00:00,99237.04899563188
2025-08-22 16:00:00,99237.04899563188
2025-08-23 00:00:00,99237.04899563188
2025-08-23 08:00:00,99237.04899563188
2025-08-23 16:00:00,99237.04899563188
2025-08-24 00:00:00,99237.04899563188
2025-08-24 08:00:00,99237.04899563188
2025-08-24 16:00:00,99237.04899563188
2025-08-25 00:00:00,99237.04899563188
2025-08-25 08:00:00,99237.04899563188
2025-08-25 16:00:00,99237.04899563188
2025-08-26 00:00:00,99237.04899563188
2025-08-26 08:00:00,99237.04899563188
2025-08-26 16:00:00,99237.04899563188
2025-08-27 00:00:00,99237.04899563188
2025-08-27 08:00:00,99237.04899563188
2025-08-27 16:00:00,99237.04899563188
2025-08-28 00:00:00,99237.04899563188
2025-08-28 08:00:00,99237.04899563188
2025-08-28 16:00:00,99237.04899563188
2025-08-29 00:00:00,99237.04899563188
2025-08-29 08:00:00,99237.04899563188
2025-08-29 16:00:00,99237.04899563188
2025-08-30 00:00:00,99237.04899563188
2025-08-30 08:00:00,99237.04899563188
2025-08-30 16:00:00,99237.04899563188
2025-08-31 00:00:00,99237.04899563188
2025-08-31 08:00:00,99237.04899563188
2025-08-31 16:00:00,99237.04899563188
2025-09-01 00:00:00,99237.04899563188
2025-09-01 08:00:00,99237.04899563188
2025-09-01 16:00:00,99237.04899563188
2025-09-02 00:00:00,99237.04899563188
2025-09-02 08:00:00,99237.04899563188
2025-09-02 16:00:00,99237.04899563188
2025-09-03 00:00:00,99237.04899563188
2025-09-03 08:00:00,99237.04899563188
2025-09-03 16:00:00,99237.04899563188
2025-09-04 00:00:00,99237.04899563188
2025-09-04 08:00:00,99237.04899563188
2025-09-04 16:00:00,99237.04899563188
2025-09-05 00:00:00,99237.04899563188
2025-09-05 08:00:00,99237.04899563188
2025-09-05 16:00:00,99237.04899563188
2025-09-06 00:00:00,99237.04899563188
2025-09-06 08:00:00,99232.13704546467
2025-09-06 16:00:00,99232.6032482605
2025-09-07 00:00:00,99235.07843580363
2025-09-07 08:00:00,99235.55923935161
2025-09-07 16:00:00,99236.33055521571
2025-09-08 00:00:00,99234.71421567429
2025-09-08 08:00:00,99243.96725791995
2025-09-08 16:00:00,99236.49072249714
2025-09-09 00:00:00,99242.99853608047
2025-09-09 08:00:00,99234.14606871358
2025-09-09 16:00:00,99237.13052643446
2025-09-10 00:00:00,99239.34864352427
2025-09-10 08:00:00,99254.54479482037
2025-09-10 16:00:00,99254.54479482037
2025-09-11 00:00:00,99254.54479482037
2025-09-11 08:00:00,99254.54479482037
2025-09-11 16:00:00,99254.54479482037
2025-09-12 00:00:00,99254.54479482037
2025-09-12 08:00:00,99254.54479482037
2025-09-12 16:00:00,99254.54479482037
2025-09-13 00:00:00,99254.54479482037
2025-09-13 08:00:00,99254.54479482037
2025-09-13 16:00:00,99254.54479482037
2025-09-14 00:00:00,99254.54479482037
2025-09-14 08:00:00,99254.54479482037
2025-09-14 16:00:00,99254.54479482037
2025-09-15 00:00:00,99254.54479482037
2025-09-15 08:00:00,99254.54479482037
2025-09-15 16:00:00,99254.54479482037
2025-09-16 00:00:00,99254.54479482037
2025-09-16 08:00:00,99254.54479482037
2025-09-16 16:00:00,99254.54479482037
2025-09-17 00:00:00,99254.54479482037
2025-09-17 08:00:00,99254.54479482037
2025-09-17 16:00:00,99254.54479482037
2025-09-18 00:00:00,99254.54479482037
2025-09-18 08:00:00,99254.54479482037
2025-09-18 16:00:00,99254.54479482037
2025-09-19 00:00:00,99254.54479482037
2025-09-19 08:00:00,99254.54479482037
2025-09-19 16:00:00,99254.54479482037
2025-09-20 00:00:00,99254.54479482037
2025-09-20 08:00:00,99254.54479482037
2025-09-20 16:00:00,99254.54479482037
2025-09-21 00:00:00,99254.54479482037
2025-09-21 08:00:00,99254.54479482037
2025-09-21 16:00:00,99254.54479482037
2025-09-22 00:00:00,99254.54479482037
2025-09-22 08:00:00,99254.54479482037
2025-09-22 16:00:00,99254.54479482037
2025-09-23 00:00:00,99254.54479482037
2025-09-23 08:00:00,99254.54479482037
2025-09-23 16:00:00,99254.54479482037
2025-09-24 00:00:00,99254.54479482037
2025-09-24 08:00:00,99254.54479482037
2025-09-24 16:00:00,99254.54479482037
2025-09-25 00:00:00,99254.54479482037
2025-09-25 08:00:00,99254.54479482037
2025-09-25 16:00:00,99254.54479482037
2025-09-26 00:00:00,99254.54479482037
2025-09-26 08:00:00,99254.54479482037
2025-09-26 16:00:00,99254.54479482037
2025-09-27 00:00:00,99254.54479482037
2025-09-27 08:00:00,99254.54479482037
2025-09-27 16:00:00,99254.54479482037
2025-09-28 00:00:00,99254.54479482037
2025-09-28 08:00:00,99254.54479482037
2025-09-28 16:00:00,99254.54479482037
2025-09-29 00:00:00,99254.54479482037
2025-09-29 08:00:00,99254.54479482037
2025-09-29 16:00:00,99254.54479482037
2025-09-30 00:00:00,99254.54479482037
2025-09-30 08:00:00,99254.54479482037
2025-09-30 16:00:00,99254.54479482037
2025-10-01 00:00:00,99254.54479482037
2025-10-01 08:00:00,99254.54479482037
2025-10-01 16:00:00,99254.54479482037
2025-10-02 00:00:00,99254.54479482037
2025-10-02 08:00:00,99254.54479482037
2025-10-02 16:00:00,99254.54479482037
2025-10-03 00:00:00,99254.54479482037
2025-10-03 08:00:00,99254.54479482037
2025-10-03 16:00:00,99254.54479482037
2025-10-04 00:00:00,99254.54479482037
2025-10-04 08:00:00,99249.7876194972
2025-10-04 16:00:00,99253.31575395098
2025-10-05 00:00:00,99266.6076899038
2025-10-05 08:00:00,99258.59938034797
2025-10-05 16:00:00,99256.598044313
2025-10-06 00:00:00,99258.64813693406
2025-10-06 08:00:00,99274.01127911046
2025-10-06 16:00:00,99275.20033831766
2025-10-07 00:00:00,99274.60669236685
2025-10-07 08:00:00,99256.93211337588
2025-10-07 16:00:00,99249.83054319363
2025-10-08 00:00:00,99251.54060784391
2025-10-08 08:00:00,99250.05134818687
2025-10-08 16:00:00,99250.05134818687
2025-10-09 00:00:00,99250.05134818687
2025-10-09 08:00:00,99250.05134818687
2025-10-09 16:00:00,99250.05134818687
2025-10-10 00:00:00,99250.05134818687
2025-10-10 08:00:00,99250.05134818687
2025-10-10 16:00:00,99250.05134818687
2025-10-11 00:00:00,99250.05134818687
2025-10-11 08:00:00,99250.05134818687
2025-10-11 16:00:00,99250.05134818687
2025-10-12 00:00:00,99250.05134818687
2025-10-12 08:00:00,99250.05134818687
2025-10-12 16:00:00,99250.05134818687
2025-10-13 00:00:00,99250.05134818687
2025-10-13 08:00:00,99250.05134818687
2025-10-13 16:00:00,99250.05134818687
2025-10-14 00:00:00,99250.05134818687
2025-10-14 08:00:00,99250.05134818687
2025-10-14 16:00:00,99250.05134818687
2025-10-15 00:00:00,99250.05134818687
2025-10-15 08:00:00,99250.05134818687
2025-10-15 16:00:00,99250.05134818687
2025-10-16 00:00:00,99250.05134818687
2025-10-16 08:00:00,99250.05134818687
2025-10-16 16:00:00,99250.05134818687
2025-10-17 00:00:00,99250.05134818687
2025-10-17 08:00:00,99250.05134818687
2025-10-17 16:00:00,99250.05134818687
2025-10-18 00:00:00,99250.05134818687
2025-10-18 08:00:00,99250.05134818687
2025-10-18 16:00:00,99250.05134818687
2025-10-19 00:00:00,99250.05134818687
2025-10-19 08:00:00,99250.05134818687
2025-10-19 16:00:00,99250.05134818687
2025-10-20 00:00:00,99250.05134818687
2025-10-20 08:00:00,99250.05134818687
2025-10-20 16:00:00,99250.05134818687
2025-10-21 00:00:00,99250.05134818687
2025-10-21 08:00:00,99250.05134818687
2025-10-21 16:00:00,99250.05134818687
2025-10-22 00:00:00,99250.05134818687
2025-10-22 08:00:00,99250.05134818687
2025-10-22 16:00:00,99250.05134818687
2025-10-23 00:00:00,99250.05134818687
2025-10-23 08:00:00,99250.05134818687
2025-10-23 16:00:00,99250.05134818687
2025-10-24 00:00:00,99250.05134818687
2025-10-24 08:00:00,99250.05134818687
2025-10-24 16:00:00,99250.05134818687
2025-10-25 00:00:00,99250.05134818687
2025-10-25 08:00:00,99250.05134818687
2025-10-25 16:00:00,99250.05134818687
2025-10-26 00:00:00,99250.05134818687
2025-10-26 08:00:00,99250.05134818687
2025-10-26 16:00:00,99250.05134818687
2025-10-27 00:00:00,99250.05134818687
2025-10-27 08:00:00,99250.05134818687
2025-10-27 16:00:00,99250.05134818687
2025-10-28 00:00:00,99250.05134818687
2025-10-28 08:00:00,99250.05134818687
2025-10-28 16:00:00,99250.05134818687
2025-10-29 00:00:00,99250.05134818687
2025-10-29 08:00:00,99250.05134818687
2025-10-29 16:00:00,99250.05134818687
2025-10-30 00:00:00,99250.05134818687
2025-10-30 08:00:00,99250.05134818687
2025-10-30 16:00:00,99250.05134818687
2025-10-31 00:00:00,99250.05134818687
2025-10-31 08:00:00,99250.05134818687
2025-10-31 16:00:00,99250.05134818687
2025-11-01 00:00:00,99250.05134818687
2025-11-01 08:00:00,99250.05134818687
2025-11-01 16:00:00,99250.05134818687
2025-11-02 00:00:00,99250.05134818687
2025-11-02 08:00:00,99250.05134818687
2025-11-02 16:00:00,99243.2008391424
2025-11-03 00:00:00,99267.56178157333
2025-11-03 08:00:00,99307.31332517405
2025-11-03 16:00:00,99307.31332517405
2025-11-04 00:00:00,99307.31332517405
2025-11-04 08:00:00,99307.31332517405
2025-11-04 16:00:00,99307.31332517405
2025-11-05 00:00:00,99307.31332517405
2025-11-05 08:00:00,99307.31332517405
2025-11-05 16:00:00,99307.31332517405
2025-11-06 00:00:00,99307.31332517405
2025-11-06 08:00:00,99307.31332517405
2025-11-06 16:00:00,99307.31332517405
2025-11-07 00:00:00,99307.31332517405
2025-11-07 08:00:00,99307.31332517405
2025-11-07 16:00:00,99307.31332517405
2025-11-08 00:00:00,99307.31332517405
2025-11-08 08:00:00,99307.31332517405
2025-11-08 16:00:00,99307.31332517405
2025-11-09 00:00:00,99307.31332517405
2025-11-09 08:00:00,99307.31332517405
2025-11-09 16:00:00,99307.31332517405
2025-11-10 00:00:00,99307.31332517405
2025-11-10 08:00:00,99307.31332517405
2025-11-10 16:00:00,99307.31332517405
2025-11-11 00:00:00,99307.31332517405
2025-11-11 08:00:00,99307.31332517405
2025-11-11 16:00:00,99307.31332517405
2025-11-12 00:00:00,99307.31332517405
2025-11-12 08:00:00,99307.31332517405
2025-11-12 16:00:00,99307.31332517405
2025-11-13 00:00:00,99307.31332517405
2025-11-13 08:00:00,99307.31332517405
2025-11-13 16:00:00,99307.31332517405
2025-11-14 00:00:00,99307.31332517405
2025-11-14 08:00:00,99307.31332517405
2025-11-14 16:00:00,99307.31332517405
2025-11-15 00:00:00,99307.31332517405
2025-11-15 08:00:00,99307.31332517405
2025-11-15 16:00:00,99307.31332517405
2025-11-16 00:00:00,99307.31332517405
2025-11-16 08:00:00,99307.31332517405
2025-11-16 16:00:00,99307.31332517405
2025-11-17 00:00:00,99307.31332517405
2025-11-17 08:00:00,99307.31332517405
2025-11-17 16:00:00,99307.31332517405
2025-11-18 00:00:00,99307.31332517405
2025-11-18 08:00:00,99307.31332517405
2025-11-18 16:00:00,99307.31332517405
2025-11-19 00:00:00,99307.31332517405
2025-11-19 08:00:00,99307.31332517405
2025-11-19 16:00:00,99307.31332517405
2025-11-20 00:00:00,99307.31332517405
2025-11-20 08:00:00,99307.31332517405
2025-11-20 16:00:00,99307.31332517405
2025-11-21 00:00:00,99307.31332517405
2025-11-21 08:00:00,99307.31332517405
2025-11-21 16:00:00,99307.31332517405
2025-11-22 00:00:00,99307.31332517405
2025-11-22 08:00:00,99307.31332517405
2025-11-22 16:00:00,99307.31332517405
2025-11-23 00:00:00,99307.31332517405
2025-11-23 08:00:00,99307.31332517405
2025-11-23 16:00:00,99307.31332517405
2025-11-24 00:00:00,99307.31332517405
2025-11-24 08:00:00,99307.31332517405
2025-11-24 16:00:00,99307.31332517405
2025-11-25 00:00:00,99307.31332517405
2025-11-25 08:00:00,99307.31332517405
2025-11-25 16:00:00,99307.31332517405
2025-11-26 00:00:00,99307.31332517405
2025-11-26 08:00:00,99307.31332517405
2025-11-26 16:00:00,99307.31332517405
2025-11-27 00:00:00,99307.31332517405
2025-11-27 08:00:00,99307.31332517405
2025-11-27 16:00:00,99307.31332517405
2025-11-28 00:00:00,99307.31332517405
2025-11-28 08:00:00,99307.31332517405
2025-11-28 16:00:00,99307.31332517405
2025-11-29 00:00:00,99307.31332517405
2025-11-29 08:00:00,99307.31332517405
2025-11-29 16:00:00,99304.333445047
2025-11-30 00:00:00,99306.9224380641
2025-11-30 08:00:00,99310.9082180104
2025-11-30 16:00:00,99304.73665016696
2025-12-01 00:00:00,99279.29436425779
2025-12-01 08:00:00,99279.29436425779
2025-12-01 16:00:00,99279.29436425779
2025-12-02 00:00:00,99279.29436425779
2025-12-02 08:00:00,99243.6516035413
2025-12-02 16:00:00,99245.45450263716
2025-12-03 00:00:00,99235.21720424107
2025-12-03 08:00:00,99230.60189211815
2025-12-03 16:00:00,99200.04137923686
2025-12-04 00:00:00,99200.04137923686
2025-12-04 08:00:00,99200.04137923686
2025-12-04 16:00:00,99200.04137923686
2025-12-05 00:00:00,99200.04137923686
2025-12-05 08:00:00,99200.04137923686
2025-12-05 16:00:00,99200.04137923686
2025-12-06 00:00:00,99200.04137923686
2025-12-06 08:00:00,99200.04137923686
2025-12-06 16:00:00,99200.04137923686
2025-12-07 00:00:00,99200.04137923686
2025-12-07 08:00:00,99200.04137923686
2025-12-07 16:00:00,99200.04137923686
2025-12-08 00:00:00,99200.04137923686
2025-12-08 08:00:00,99200.04137923686
2025-12-08 16:00:00,99200.04137923686
2025-12-09 00:00:00,99200.04137923686
2025-12-09 08:00:00,99200.04137923686
2025-12-09 16:00:00,99200.04137923686
2025-12-10 00:00:00,99200.04137923686
2025-12-10 08:00:00,99200.04137923686
2025-12-10 16:00:00,99200.04137923686
2025-12-11 00:00:00,99200.04137923686
2025-12-11 08:00:00,99200.04137923686
2025-12-11 16:00:00,99200.04137923686
2025-12-12 00:00:00,99200.04137923686
2025-12-12 08:00:00,99200.04137923686
2025-12-12 16:00:00,99200.04137923686
2025-12-13 00:00:00,99200.04137923686
2025-12-13 08:00:00,99200.04137923686
2025-12-13 16:00:00,99200.04137923686
2025-12-14 00:00:00,99200.04137923686
2025-12-14 08:00:00,99200.04137923686
2025-12-14 16:00:00,99200.04137923686
2025-12-15 00:00:00,99200.04137923686
2025-12-15 08:00:00,99200.04137923686
2025-12-15 16:00:00,99200.04137923686
2025-12-16 00:00:00,99200.04137923686
2025-12-16 08:00:00,99200.04137923686
2025-12-16 16:00:00,99200.04137923686
2025-12-17 00:00:00,99200.04137923686
2025-12-17 08:00:00,99200.04137923686
2025-12-17 16:00:00,99200.04137923686
2025-12-18 00:00:00,99200.04137923686
2025-12-18 08:00:00,99200.04137923686
2025-12-18 16:00:00,99200.04137923686
2025-12-19 00:00:00,99178.44564285624
2025-12-19 08:00:00,99176.24720523928
2025-12-19 16:00:00,99173.76234407775
2025-12-20 00:00:00,99173.44267899077
2025-12-20 08:00:00,99174.22135814812
2025-12-20 16:00:00,99174.05971013661
2025-12-21 00:00:00,99173.51161964153
2025-12-21 08:00:00,99174.60991245805
2025-12-21 16:00:00,99170.04182898402
2025-12-22 00:00:00,99165.45450976137
2025-12-22 08:00:00,99161.7149873418
2025-12-22 16:00:00,99168.65840682878
2025-12-23 00:00:00,99165.84836824161
2025-12-23 08:00:00,99165.84836824161
2025-12-23 16:00:00,99159.76777433984
2025-12-24 00:00:00,99165.0866749833
2025-12-24 08:00:00,99166.32137587488
2025-12-24 16:00:00,99162.58593701995
2025-12-25 00:00:00,99163.49468814267
2025-12-25 08:00:00,99160.31661957892
2025-12-25 16:00:00,99169.92548905348
2025-12-26 00:00:00,99160.85186046889
2025-12-26 08:00:00,99166.54397245195
2025-12-26 16:00:00,99165.64106980959
2025-12-27 00:00:00,99164.8533202538
2025-12-27 08:00:00,99165.85800259528
2025-12-27 16:00:00,99167.88664646586
2025-12-28 00:00:00,99167.88664646586
2025-12-28 08:00:00,99167.88664646586
2025-12-28 16:00:00,99167.88664646586
2025-12-29 00:00:00,99167.88664646586
2025-12-29 08:00:00,99167.88664646586
2025-12-29 16:00:00,99167.88664646586
2025-12-30 00:00:00,99167.88664646586
2025-12-30 08:00:00,99167.88664646586
2025-12-30 16:00:00,99167.88664646586
2025-12-31 00:00:00,99167.88664646586
2025-12-31 08:00:00,99167.88664646586
2025-12-31 16:00:00,99167.88664646586
2026-01-01 00:00:00,99167.88664646586
2026-01-01 08:00:00,99167.88664646586
2026-01-01 16:00:00,99167.88664646586
2026-01-02 00:00:00,99167.88664646586
2026-01-02 08:00:00,99167.88664646586
2026-01-02 16:00:00,99167.88664646586
2026-01-03 00:00:00,99167.88664646586
2026-01-03 08:00:00,99167.88664646586
2026-01-03 16:00:00,99167.88664646586
2026-01-04 00:00:00,99167.88664646586
2026-01-04 08:00:00,99167.88664646586
2026-01-04 16:00:00,99167.88664646586
2026-01-05 00:00:00,99167.88664646586
2026-01-05 08:00:00,99167.88664646586
2026-01-05 16:00:00,99167.88664646586
2026-01-06 00:00:00,99167.88664646586
2026-01-06 08:00:00,99167.88664646586
2026-01-06 16:00:00,99167.88664646586
2026-01-07 00:00:00,99167.88664646586
2026-01-07 08:00:00,99167.88664646586
2026-01-07 16:00:00,99167.88664646586
2026-01-08 00:00:00,99167.88664646586
2026-01-08 08:00:00,99167.88664646586
2026-01-08 16:00:00,99167.88664646586
2026-01-09 00:00:00,99167.88664646586
2026-01-09 08:00:00,99167.88664646586
2026-01-09 16:00:00,99167.88664646586
2026-01-10 00:00:00,99167.88664646586
2026-01-10 08:00:00,99167.88664646586
2026-01-10 16:00:00,99167.88664646586
2026-01-11 00:00:00,99167.88664646586
2026-01-11 08:00:00,99167.88664646586
2026-01-11 16:00:00,99167.88664646586
2026-01-12 00:00:00,99167.88664646586
2026-01-12 08:00:00,99167.88664646586
2026-01-12 16:00:00,99167.88664646586
2026-01-13 00:00:00,99167.88664646586
2026-01-13 08:00:00,99167.88664646586
2026-01-13 16:00:00,99167.88664646586
2026-01-14 00:00:00,99167.88664646586
2026-01-14 08:00:00,99167.88664646586
2026-01-14 16:00:00,99167.88664646586
2026-01-15 00:00:00,99167.88664646586
2026-01-15 08:00:00,99167.88664646586
2026-01-15 16:00:00,99167.88664646586
2026-01-16 00:00:00,99167.88664646586
2026-01-16 08:00:00,99167.88664646586
2026-01-16 16:00:00,99167.88664646586
2026-01-17 00:00:00,99167.88664646586
2026-01-17 08:00:00,99167.88664646586
2026-01-17 16:00:00,99167.88664646586
2026-01-18 00:00:00,99167.88664646586
2026-01-18 08:00:00,99167.88664646586
2026-01-18 16:00:00,99167.88664646586
2026-01-19 00:00:00,99167.88664646586
2026-01-19 08:00:00,99167.88664646586
2026-01-19 16:00:00,99167.88664646586
2026-01-20 00:00:00,99167.88664646586
2026-01-20 08:00:00,99167.88664646586
2026-01-20 16:00:00,99152.70258010208
2026-01-21 00:00:00,99157.89434227669
2026-01-21 08:00:00,99163.27303041982
2026-01-21 16:00:00,99159.87641688681
2026-01-22 00:00:00,99163.04517086368
2026-01-22 08:00:00,99153.29484827477
2026-01-22 16:00:00,99155.06332344915
2026-01-23 00:00:00,99154.3292048559
2026-01-23 08:00:00,99155.04253567099
2026-01-23 16:00:00,99155.71452723026
2026-01-24 00:00:00,99155.86887712496
2026-01-24 08:00:00,99155.79340327348
2026-01-24 16:00:00,99157.535424886
2026-01-25 00:00:00,99157.535424886
2026-01-25 08:00:00,99157.535424886
2026-01-25 16:00:00,99157.535424886
2026-01-26 00:00:00,99157.535424886
2026-01-26 08:00:00,99157.535424886
2026-01-26 16:00:00,99152.26982349547
2026-01-27 00:00:00,99152.43231825295
2026-01-27 08:00:00,99151.03880520626
2026-01-27 16:00:00,99134.19123970531
2026-01-28 00:00:00,99134.19123970531
2026-01-28 08:00:00,99134.19123970531
2026-01-28 16:00:00,99134.19123970531
2026-01-29 00:00:00,99134.19123970531
2026-01-29 08:00:00,99134.19123970531
2026-01-29 16:00:00,99134.19123970531
2026-01-30 00:00:00,99134.19123970531
2026-01-30 08:00:00,99134.19123970531
2026-01-30 16:00:00,99134.19123970531
2026-01-31 00:00:00,99134.19123970531
2026-01-31 08:00:00,99134.19123970531
2026-01-31 16:00:00,99134.19123970531
2026-02-01 00:00:00,99134.19123970531
2026-02-01 08:00:00,99134.19123970531
2026-02-01 16:00:00,99134.19123970531
2026-02-02 00:00:00,99134.19123970531
2026-02-02 08:00:00,99134.19123970531
2026-02-02 16:00:00,99134.19123970531
2026-02-03 00:00:00,99134.19123970531
2026-02-03 08:00:00,99134.19123970531
2026-02-03 16:00:00,99134.19123970531
2026-02-04 00:00:00,99134.19123970531
2026-02-04 08:00:00,99134.19123970531
2026-02-04 16:00:00,99134.19123970531
2026-02-05 00:00:00,99134.19123970531
2026-02-05 08:00:00,99134.19123970531
2026-02-05 16:00:00,99134.19123970531
2026-02-06 00:00:00,99134.19123970531
2026-02-06 08:00:00,99134.19123970531
2026-02-06 16:00:00,99134.19123970531
2026-02-07 00:00:00,99134.19123970531
2026-02-07 08:00:00,99134.19123970531
2026-02-07 16:00:00,99134.19123970531
2026-02-08 00:00:00,99134.19123970531
2026-02-08 08:00:00,99134.19123970531
2026-02-08 16:00:00,99134.19123970531
2026-02-09 00:00:00,99134.19123970531
2026-02-09 08:00:00,99134.19123970531
2026-02-09 16:00:00,99134.19123970531
2026-02-10 00:00:00,99134.19123970531
2026-02-10 08:00:00,99134.19123970531
2026-02-10 16:00:00,99134.19123970531
2026-02-11 00:00:00,99134.19123970531
2026-02-11 08:00:00,99134.19123970531
2026-02-11 16:00:00,99134.19123970531
2026-02-12 00:00:00,99134.19123970531
2026-02-12 08:00:00,99134.19123970531
2026-02-12 16:00:00,99134.19123970531
2026-02-13 00:00:00,99134.19123970531
2026-02-13 08:00:00,99134.19123970531
2026-02-13 16:00:00,99134.19123970531
2026-02-14 00:00:00,99134.19123970531
2026-02-14 08:00:00,99134.19123970531
2026-02-14 16:00:00,99134.19123970531
2026-02-15 00:00:00,99134.19123970531
2026-02-15 08:00:00,99134.19123970531
2026-02-15 16:00:00,99134.19123970531
2026-02-16 00:00:00,99134.19123970531
2026-02-16 08:00:00,99134.19123970531
2026-02-16 16:00:00,99134.19123970531
2026-02-17 00:00:00,99134.19123970531
2026-02-17 08:00:00,99134.19123970531
2026-02-17 16:00:00,99134.19123970531
2026-02-18 00:00:00,99134.19123970531
2026-02-18 08:00:00,99134.19123970531
2026-02-18 16:00:00,99134.19123970531
2026-02-19 00:00:00,99134.19123970531
2026-02-19 08:00:00,99134.19123970531
2026-02-19 16:00:00,99134.19123970531
2026-02-20 00:00:00,99134.19123970531
2026-02-20 08:00:00,99134.19123970531
2026-02-20 16:00:00,99134.19123970531
2026-02-21 00:00:00,99134.19123970531
2026-02-21 08:00:00,99127.86524544272
2026-02-21 16:00:00,99131.48206756522
2026-02-22 00:00:00,99130.86140902164
2026-02-22 08:00:00,99136.43278618752
2026-02-22 16:00:00,99135.36669932371
2026-02-23 00:00:00,99153.82594461383
2026-02-23 08:00:00,99151.03940913922
2026-02-23 16:00:00,99183.27047081247
2026-02-24 00:00:00,99183.27047081247
2026-02-24 08:00:00,99183.27047081247
2026-02-24 16:00:00,99183.27047081247
2026-02-25 00:00:00,99183.27047081247
2026-02-25 08:00:00,99183.27047081247
2026-02-25 16:00:00,99183.27047081247
2026-02-26 00:00:00,99183.27047081247
2026-02-26 08:00:00,99183.27047081247
2026-02-26 16:00:00,99183.27047081247
2026-02-27 00:00:00,99183.27047081247
2026-02-27 08:00:00,99183.27047081247
2026-02-27 16:00:00,99183.27047081247
2026-02-28 00:00:00,99183.27047081247
2026-02-28 08:00:00,99183.27047081247
2026-02-28 16:00:00,99183.27047081247
2026-03-01 00:00:00,99183.27047081247
2026-03-01 08:00:00,99183.27047081247
2026-03-01 16:00:00,99183.27047081247
2026-03-02 00:00:00,99183.27047081247
2026-03-02 08:00:00,99183.27047081247
2026-03-02 16:00:00,99183.27047081247
2026-03-03 00:00:00,99183.27047081247
2026-03-03 08:00:00,99183.27047081247
2026-03-03 16:00:00,99183.27047081247
2026-03-04 00:00:00,99183.27047081247
2026-03-04 08:00:00,99183.27047081247
2026-03-04 16:00:00,99183.27047081247
2026-03-05 00:00:00,99183.27047081247
2026-03-05 08:00:00,99183.27047081247
2026-03-05 16:00:00,99183.27047081247
2026-03-06 00:00:00,99183.27047081247
2026-03-06 08:00:00,99183.27047081247
2026-03-06 16:00:00,99183.27047081247
2026-03-07 00:00:00,99183.27047081247
2026-03-07 08:00:00,99183.27047081247
2026-03-07 16:00:00,99183.27047081247
2026-03-08 00:00:00,99179.63749472493
2026-03-08 08:00:00,99176.59962756009
2026-03-08 16:00:00,99175.05988786969
2026-03-09 00:00:00,99187.08043973915
2026-03-09 08:00:00,99196.71952915401
2026-03-09 16:00:00,99189.56478713478
2026-03-10 00:00:00,99203.93330380792
2026-03-10 08:00:00,99210.80983011157
2026-03-10 16:00:00,99200.53991078105
2026-03-11 00:00:00,99194.74497998382
2026-03-11 08:00:00,99203.92424523804
2026-03-11 16:00:00,99204.44475547098
2026-03-12 00:00:00,99225.61493229722
2026-03-12 08:00:00,99225.61493229722
2026-03-12 16:00:00,99225.61493229722
2026-03-13 00:00:00,99225.61493229722
2026-03-13 08:00:00,99225.61493229722
2026-03-13 16:00:00,99225.61493229722
2026-03-14 00:00:00,99225.61493229722
2026-03-14 08:00:00,99225.61493229722
2026-03-14 16:00:00,99225.61493229722
2026-03-15 00:00:00,99225.61493229722
2026-03-15 08:00:00,99225.61493229722
2026-03-15 16:00:00,99225.61493229722
2026-03-16 00:00:00,99225.61493229722
2026-03-16 08:00:00,99225.61493229722
2026-03-16 16:00:00,99225.61493229722
2026-03-17 00:00:00,99225.61493229722
2026-03-17 08:00:00,99225.61493229722
2026-03-17 16:00:00,99225.61493229722
2026-03-18 00:00:00,99225.61493229722
2026-03-18 08:00:00,99225.61493229722
2026-03-18 16:00:00,99225.61493229722
2026-03-19 00:00:00,99225.61493229722
2026-03-19 08:00:00,99225.61493229722
2026-03-19 16:00:00,99225.61493229722
2026-03-20 00:00:00,99225.61493229722
2026-03-20 08:00:00,99225.61493229722
2026-03-20 16:00:00,99225.61493229722
2026-03-21 00:00:00,99225.61493229722
2026-03-21 08:00:00,99225.61493229722
2026-03-21 16:00:00,99225.61493229722
2026-03-22 00:00:00,99225.61493229722
2026-03-22 08:00:00,99225.61493229722
2026-03-22 16:00:00,99225.61493229722
2026-03-23 00:00:00,99225.61493229722
2026-03-23 08:00:00,99225.61493229722
2026-03-23 16:00:00,99225.61493229722
2026-03-24 00:00:00,99225.61493229722
2026-03-24 08:00:00,99225.61493229722
2026-03-24 16:00:00,99225.61493229722
2026-03-25 00:00:00,99225.61493229722
2026-03-25 08:00:00,99225.61493229722
2026-03-25 16:00:00,99225.61493229722
2026-03-26 00:00:00,99215.17290091031
2026-03-26 08:00:00,99202.79887740505
2026-03-26 16:00:00,99200.33969609308
2026-03-27 00:00:00,99201.73195113624
2026-03-27 08:00:00,99170.22924334649
2026-03-27 16:00:00,99170.22924334649
2026-03-28 00:00:00,99170.22924334649
2026-03-28 08:00:00,99170.22924334649
2026-03-28 16:00:00,99170.22924334649
2026-03-29 00:00:00,99170.22924334649
2026-03-29 08:00:00,99170.22924334649
2026-03-29 16:00:00,99170.22924334649
2026-03-30 00:00:00,99170.22924334649
2026-03-30 08:00:00,99170.22924334649
2026-03-30 16:00:00,99170.22924334649
2026-03-31 00:00:00,99170.22924334649
2026-03-31 08:00:00,99170.22924334649
2026-03-31 16:00:00,99170.22924334649
2026-04-01 00:00:00,99164.18805360979
2026-04-01 08:00:00,99163.3035444141
2026-04-01 16:00:00,99162.17200474725
2026-04-02 00:00:00,99181.64465868496
2026-04-02 08:00:00,99180.76134931312
2026-04-02 16:00:00,99181.36362456591
2026-04-03 00:00:00,99179.18795991316
2026-04-03 08:00:00,99182.71089642435
2026-04-03 16:00:00,99182.07960926427
2026-04-04 00:00:00,99182.12792195039
2026-04-04 08:00:00,99181.53844946479
2026-04-04 16:00:00,99179.30160936127
2026-04-05 00:00:00,99200.62009671556
2026-04-05 08:00:00,99200.62009671556
2026-04-05 16:00:00,99187.03825128483
2026-04-06 00:00:00,99181.23096504783
2026-04-06 08:00:00,99174.40370100585
2026-04-06 16:00:00,99187.53493610019
2026-04-07 00:00:00,99188.27431918892
2026-04-07 08:00:00,99193.87282045459
2026-04-07 16:00:00,99162.76026381836
2026-04-08 00:00:00,99162.76026381836
2026-04-08 08:00:00,99162.76026381836
2026-04-08 16:00:00,99162.76026381836
2026-04-09 00:00:00,99162.76026381836
2026-04-09 08:00:00,99162.76026381836
2026-04-09 16:00:00,99162.76026381836
2026-04-10 00:00:00,99162.76026381836
2026-04-10 08:00:00,99162.76026381836
2026-04-10 16:00:00,99162.76026381836
2026-04-11 00:00:00,99162.76026381836
2026-04-11 08:00:00,99162.76026381836
2026-04-11 16:00:00,99162.76026381836
2026-04-12 00:00:00,99162.76026381836
2026-04-12 08:00:00,99162.76026381836
2026-04-12 16:00:00,99162.76026381836
2026-04-13 00:00:00,99162.76026381836
2026-04-13 08:00:00,99162.76026381836
2026-04-13 16:00:00,99162.76026381836
2026-04-14 00:00:00,99162.76026381836
2026-04-14 08:00:00,99162.76026381836
2026-04-14 16:00:00,99162.76026381836
2026-04-15 00:00:00,99162.76026381836
2026-04-15 08:00:00,99162.76026381836
2026-04-15 16:00:00,99162.76026381836
2026-04-16 00:00:00,99162.76026381836
2026-04-16 08:00:00,99162.76026381836
2026-04-16 16:00:00,99162.76026381836
2026-04-17 00:00:00,99162.76026381836
2026-04-17 08:00:00,99162.76026381836
2026-04-17 16:00:00,99162.76026381836
2026-04-18 00:00:00,99162.76026381836
2026-04-18 08:00:00,99162.76026381836
2026-04-18 16:00:00,99162.76026381836
2026-04-19 00:00:00,99162.76026381836
2026-04-19 08:00:00,99162.76026381836
2026-04-19 16:00:00,99162.76026381836
2026-04-20 00:00:00,99162.76026381836
2026-04-20 08:00:00,99162.76026381836
2026-04-20 16:00:00,99162.76026381836
2026-04-21 00:00:00,99162.76026381836
2026-04-21 08:00:00,99162.76026381836
2026-04-21 16:00:00,99162.76026381836
2026-04-22 00:00:00,99162.76026381836
2026-04-22 08:00:00,99162.76026381836
2026-04-22 16:00:00,99162.76026381836
2026-04-23 00:00:00,99162.76026381836
2026-04-23 08:00:00,99162.76026381836
2026-04-23 16:00:00,99162.76026381836
2026-04-24 00:00:00,99162.76026381836
2026-04-24 08:00:00,99162.76026381836
2026-04-24 16:00:00,99162.76026381836
2026-04-25 00:00:00,99162.76026381836
2026-04-25 08:00:00,99162.76026381836
2026-04-25 16:00:00,99162.76026381836
2026-04-26 00:00:00,99162.76026381836
2026-04-26 08:00:00,99162.76026381836
2026-04-26 16:00:00,99162.76026381836
2026-04-27 00:00:00,99162.76026381836
2026-04-27 08:00:00,99162.76026381836
2026-04-27 16:00:00,99162.76026381836
2026-04-28 00:00:00,99162.76026381836
2026-04-28 08:00:00,99162.76026381836
2026-04-28 16:00:00,99162.76026381836
2026-04-29 00:00:00,99162.76026381836
2026-04-29 08:00:00,99162.76026381836
2026-04-29 16:00:00,99162.76026381836
2026-04-30 00:00:00,99162.76026381836
2026-04-30 08:00:00,99162.76026381836
2026-04-30 16:00:00,99162.76026381836
2026-05-01 00:00:00,99162.76026381836
2026-05-01 08:00:00,99162.76026381836
2026-05-01 16:00:00,99162.76026381836
2026-05-02 00:00:00,99162.76026381836
2026-05-02 08:00:00,99161.01611825047
2026-05-02 16:00:00,99159.28885886387
2026-05-03 00:00:00,99160.9373033654
2026-05-03 08:00:00,99156.84963193987
2026-05-03 16:00:00,99158.03411324159
2026-05-04 00:00:00,99149.46652971633
2026-05-04 08:00:00,99152.23095516101
2026-05-04 16:00:00,99152.76078139876
2026-05-05 00:00:00,99136.84738067271
2026-05-05 08:00:00,99136.84738067271
2026-05-05 16:00:00,99136.84738067271
2026-05-06 00:00:00,99136.84738067271
2026-05-06 08:00:00,99136.84738067271
2026-05-06 16:00:00,99136.84738067271
2026-05-07 00:00:00,99135.50358844857
2026-05-07 08:00:00,99124.95473795812
2026-05-07 16:00:00,99124.18757047031
2026-05-08 00:00:00,99122.01670873047
2026-05-08 08:00:00,99124.73618613504
2026-05-08 16:00:00,99127.71547601295
2026-05-09 00:00:00,99129.29297774004
2026-05-09 08:00:00,99129.93784024738
2026-05-09 16:00:00,99131.79931879972
2026-05-10 00:00:00,99132.03167027884
2026-05-10 08:00:00,99136.39315410578
2026-05-10 16:00:00,99141.34198972651
2026-05-11 00:00:00,99137.82789743782
2026-05-11 08:00:00,99137.82789743782
2026-05-11 16:00:00,99137.82789743782
2026-05-12 00:00:00,99128.37453171154
2026-05-12 08:00:00,99121.22081293799
2026-05-12 16:00:00,99124.00913159149
2026-05-13 00:00:00,99129.78579225155
2026-05-13 08:00:00,99115.8350802622
2026-05-13 16:00:00,99120.74790695247
2026-05-14 00:00:00,99122.2165803835
2026-05-14 08:00:00,99129.46831504672
2026-05-14 16:00:00,99126.16739384756
2026-05-15 00:00:00,99122.22330122977
2026-05-15 08:00:00,99106.05166914056
2026-05-15 16:00:00,99106.05166914056
2026-05-16 00:00:00,99106.05166914056
2026-05-16 08:00:00,99106.05166914056
2026-05-16 16:00:00,99106.05166914056
2026-05-17 00:00:00,99106.05166914056
2026-05-17 08:00:00,99106.05166914056
2026-05-17 16:00:00,99106.05166914056
2026-05-18 00:00:00,99106.05166914056
2026-05-18 08:00:00,99106.05166914056
2026-05-18 16:00:00,99106.05166914056
2026-05-19 00:00:00,99106.05166914056
2026-05-19 08:00:00,99106.05166914056
2026-05-19 16:00:00,99106.05166914056
2026-05-20 00:00:00,99106.05166914056
2026-05-20 08:00:00,99106.05166914056
2026-05-20 16:00:00,99106.05166914056
2026-05-21 00:00:00,99106.05166914056
2026-05-21 08:00:00,99106.05166914056
2026-05-21 16:00:00,99106.05166914056
2026-05-22 00:00:00,99106.05166914056
2026-05-22 08:00:00,99106.05166914056
2026-05-22 16:00:00,99106.05166914056
2026-05-23 00:00:00,99106.05166914056
2026-05-23 08:00:00,99106.05166914056
2026-05-23 16:00:00,99106.05166914056
2026-05-24 00:00:00,99106.05166914056
2026-05-24 08:00:00,99106.05166914056
2026-05-24 16:00:00,99106.05166914056
2026-05-25 00:00:00,99106.05166914056
2026-05-25 08:00:00,99106.05166914056
2026-05-25 16:00:00,99106.05166914056
2026-05-26 00:00:00,99106.05166914056
2026-05-26 08:00:00,99106.05166914056
2026-05-26 16:00:00,99106.05166914056
2026-05-27 00:00:00,99106.05166914056
2026-05-27 08:00:00,99106.05166914056
2026-05-27 16:00:00,99106.05166914056
2026-05-28 00:00:00,99106.05166914056
2026-05-28 08:00:00,99106.05166914056
2026-05-28 16:00:00,99106.05166914056
2026-05-29 00:00:00,99106.05166914056
2026-05-29 08:00:00,99106.05166914056
2026-05-29 16:00:00,99106.05166914056
2026-05-30 00:00:00,99106.05166914056
2026-05-30 08:00:00,99106.05166914056
2026-05-30 16:00:00,99106.05166914056
2026-05-31 00:00:00,99106.05166914056
2026-05-31 08:00:00,99106.05166914056
2026-05-31 16:00:00,99106.05166914056
2026-06-01 00:00:00,99106.05166914056
2026-06-01 08:00:00,99106.05166914056
2026-06-01 16:00:00,99106.05166914056
2026-06-02 00:00:00,99106.05166914056
2026-06-02 08:00:00,99106.05166914056
2026-06-02 16:00:00,99106.05166914056
2026-06-03 00:00:00,99106.05166914056
2026-06-03 08:00:00,99106.05166914056
2026-06-03 16:00:00,99106.05166914056
2026-06-04 00:00:00,99106.05166914056
2026-06-04 08:00:00,99106.05166914056
2026-06-04 16:00:00,99106.05166914056
2026-06-05 00:00:00,99106.05166914056
2026-06-05 08:00:00,99106.05166914056
2026-06-05 16:00:00,99106.05166914056
2026-06-06 00:00:00,99106.05166914056
2026-06-06 08:00:00,99106.05166914056
2026-06-06 16:00:00,99106.05166914056
2026-06-07 00:00:00,99106.05166914056
2026-06-07 08:00:00,99106.05166914056
2026-06-07 16:00:00,99106.05166914056
2026-06-08 00:00:00,99106.05166914056
2026-06-08 08:00:00,99106.05166914056
2026-06-08 16:00:00,99106.05166914056
2026-06-09 00:00:00,99106.05166914056
2026-06-09 08:00:00,99106.05166914056
2026-06-09 16:00:00,99106.05166914056
2026-06-10 00:00:00,99106.05166914056
2026-06-10 08:00:00,99106.05166914056
2026-06-10 16:00:00,99106.05166914056
2026-06-11 00:00:00,99106.05166914056
2026-06-11 08:00:00,99106.05166914056
2026-06-11 16:00:00,99106.05166914056
2026-06-12 00:00:00,99106.05166914056
2026-06-12 08:00:00,99106.05166914056
2026-06-12 16:00:00,99106.05166914056
2026-06-13 00:00:00,99106.05166914056
2026-06-13 08:00:00,99104.29787809665
2026-06-13 16:00:00,99104.60141978359
2026-06-14 00:00:00,99106.22032309229
2026-06-14 08:00:00,99110.03091738264
2026-06-14 16:00:00,99091.33642465527
2026-06-15 00:00:00,99093.96776805093
2026-06-15 08:00:00,99045.30958888296
2026-06-15 16:00:00,99045.30958888296
2026-06-16 00:00:00,99045.30958888296
2026-06-16 08:00:00,99045.30958888296
2026-06-16 16:00:00,99045.30958888296
2026-06-17 00:00:00,99045.30958888296
2026-06-17 08:00:00,99045.30958888296
2026-06-17 16:00:00,99045.30958888296
2026-06-18 00:00:00,99045.30958888296
2026-06-18 08:00:00,99026.14489998607
2026-06-18 16:00:00,99034.67681276839
2026-06-19 00:00:00,99030.32206198407
2026-06-19 08:00:00,99033.76300843654
2026-06-19 16:00:00,99034.74643020381
2026-06-20 00:00:00,99039.04584371508
2026-06-20 08:00:00,99043.27398819235
2026-06-20 16:00:00,99043.30529695365
2026-06-21 00:00:00,99040.87190540109
2026-06-21 08:00:00,99040.4142964749
2026-06-21 16:00:00,99033.6755290889
2026-06-22 00:00:00,99045.12385471443
2026-06-22 08:00:00,99063.03121145781
2026-06-22 16:00:00,99063.03121145781
2026-06-23 00:00:00,99063.03121145781
2026-06-23 08:00:00,99063.03121145781
2026-06-23 16:00:00,99063.03121145781
2026-06-24 00:00:00,99063.03121145781
2026-06-24 08:00:00,99063.03121145781
2026-06-24 16:00:00,99063.03121145781
2026-06-25 00:00:00,99063.03121145781
2026-06-25 08:00:00,99063.03121145781
2026-06-25 16:00:00,99063.03121145781
2026-06-26 00:00:00,99063.03121145781
2026-06-26 08:00:00,99063.03121145781
2026-06-26 16:00:00,99063.03121145781
2026-06-27 00:00:00,99063.03121145781
2026-06-27 08:00:00,99063.03121145781
2026-06-27 16:00:00,99063.03121145781
2026-06-28 00:00:00,99063.03121145781
2026-06-28 08:00:00,99063.03121145781
2026-06-28 16:00:00,99063.03121145781
2026-06-29 00:00:00,99063.03121145781
2026-06-29 08:00:00,99063.03121145781
2026-06-29 16:00:00,99063.03121145781
2026-06-30 00:00:00,99063.03121145781
2026-06-30 08:00:00,99063.03121145781
2026-06-30 16:00:00,99063.03121145781
2026-07-01 00:00:00,99063.03121145781
2026-07-01 08:00:00,99063.03121145781
2026-07-01 16:00:00,99063.03121145781
2026-07-02 00:00:00,99063.03121145781
2026-07-02 08:00:00,99063.03121145781
2026-07-02 16:00:00,99063.03121145781
2026-07-03 00:00:00,99063.03121145781
2026-07-03 08:00:00,99063.03121145781
2026-07-03 16:00:00,99063.03121145781
2026-07-04 00:00:00,99063.03121145781
2026-07-04 08:00:00,99063.03121145781
2026-07-04 16:00:00,99063.03121145781
2026-07-05 00:00:00,99063.03121145781
2026-07-05 08:00:00,99063.03121145781
2026-07-05 16:00:00,99063.03121145781
2026-07-06 00:00:00,99063.03121145781
2026-07-06 08:00:00,99063.03121145781
2026-07-06 16:00:00,99063.03121145781
2026-07-07 00:00:00,99063.03121145781
2026-07-07 08:00:00,99063.03121145781
2026-07-07 16:00:00,99063.03121145781
2026-07-08 00:00:00,99063.03121145781
2026-07-08 08:00:00,99063.03121145781
2026-07-08 16:00:00,99063.03121145781
2026-07-09 00:00:00,99063.03121145781
2026-07-09 08:00:00,99063.03121145781
2026-07-09 16:00:00,99063.03121145781
2026-07-10 00:00:00,99063.03121145781
2026-07-10 08:00:00,99063.03121145781
2026-07-10 16:00:00,99063.03121145781
